# relative_time, cycles_done, cur_item, corpus_count, pending_total, pending_favs, map_size, saved_crashes, saved_hangs, max_depth, execs_per_sec, total_execs, edges_found
61, 0, 0, 55, 55, 1, 0.00%, 8, 0, 2, 205.88, 12094, 129
66, 0, 0, 56, 56, 1, 0.00%, 8, 0, 2, 204.60, 13129, 129
71, 0, 0, 56, 56, 1, 0.00%, 8, 0, 2, 201.23, 14141, 129
76, 0, 0, 56, 56, 1, 0.00%, 9, 0, 2, 207.67, 15225, 129
81, 0, 0, 56, 56, 1, 0.00%, 9, 0, 2, 208.85, 16277, 129
86, 0, 0, 57, 57, 1, 0.00%, 9, 0, 2, 210.13, 17332, 129
91, 0, 0, 57, 57, 1, 0.00%, 10, 0, 2, 210.74, 18424, 129
96, 0, 0, 57, 57, 1, 0.00%, 10, 0, 2, 210.24, 19480, 129
102, 0, 0, 57, 57, 1, 0.00%, 10, 0, 2, 205.51, 20544, 129
107, 0, 0, 57, 57, 1, 0.00%, 10, 0, 2, 203.14, 21564, 129
112, 0, 0, 57, 57, 1, 0.00%, 10, 0, 2, 203.41, 22588, 129
117, 0, 0, 57, 57, 1, 0.00%, 10, 0, 2, 207.61, 23668, 129
122, 0, 0, 57, 57, 1, 0.00%, 11, 0, 2, 206.76, 24752, 129
127, 0, 0, 57, 57, 1, 0.00%, 11, 0, 2, 207.68, 25796, 129
132, 0, 0, 58, 58, 1, 0.00%, 11, 0, 2, 203.52, 26855, 130
137, 0, 0, 58, 58, 1, 0.00%, 11, 0, 2, 208.18, 27939, 130
142, 0, 0, 58, 58, 1, 0.00%, 11, 0, 2, 207.81, 28987, 130
148, 0, 0, 59, 59, 1, 0.00%, 11, 0, 2, 208.91, 30038, 130
153, 0, 0, 59, 59, 1, 0.00%, 11, 0, 2, 203.39, 31062, 130
158, 0, 0, 60, 60, 1, 0.00%, 11, 0, 2, 205.83, 32089, 130
163, 0, 0, 60, 60, 1, 0.00%, 11, 0, 2, 209.69, 33185, 130
168, 0, 51, 61, 59, 19, 0.00%, 11, 0, 2, 262.15, 34500, 130
173, 0, 2, 61, 58, 16, 0.00%, 11, 0, 2, 215.79, 35681, 130
178, 0, 2, 61, 58, 16, 0.00%, 11, 0, 2, 173.92, 36531, 130
183, 0, 62, 63, 59, 17, 0.00%, 11, 0, 3, 216.49, 37558, 132
188, 0, 49, 63, 58, 16, 0.00%, 11, 0, 3, 283.98, 39126, 132
194, 0, 61, 63, 57, 15, 0.00%, 11, 0, 3, 281.50, 40596, 132
199, 0, 25, 63, 56, 14, 0.00%, 11, 0, 3, 292.27, 42142, 132
204, 0, 60, 63, 55, 13, 0.00%, 11, 0, 3, 290.85, 43640, 132
209, 0, 21, 64, 55, 12, 0.00%, 11, 0, 3, 298.63, 45142, 132
214, 0, 46, 64, 54, 11, 0.00%, 11, 0, 3, 287.42, 46616, 132
219, 0, 13, 64, 53, 10, 0.00%, 11, 0, 3, 284.93, 48103, 132
224, 0, 50, 64, 52, 9, 0.00%, 11, 0, 3, 290.47, 49558, 132
230, 0, 58, 66, 51, 8, 0.00%, 11, 0, 3, 280.52, 50953, 134
235, 0, 54, 68, 52, 7, 0.00%, 11, 0, 3, 272.25, 52411, 136
240, 0, 56, 68, 48, 5, 0.00%, 11, 0, 3, 276.54, 53778, 136
245, 0, 47, 68, 47, 4, 0.00%, 11, 0, 3, 286.47, 55191, 136
250, 0, 32, 68, 46, 3, 0.00%, 11, 0, 3, 278.27, 56661, 136
255, 0, 53, 69, 46, 2, 0.00%, 11, 0, 3, 265.91, 58036, 136
260, 0, 28, 69, 45, 1, 0.00%, 11, 0, 3, 271.62, 59444, 136
265, 0, 28, 69, 45, 1, 0.00%, 11, 0, 3, 265.27, 60819, 136
270, 0, 58, 69, 44, 0, 0.00%, 11, 0, 3, 227.50, 61911, 136
275, 0, 25, 69, 44, 0, 0.00%, 11, 0, 3, 218.08, 62986, 136
281, 0, 62, 69, 44, 0, 0.00%, 12, 0, 3, 217.50, 64107, 136
286, 0, 57, 70, 44, 0, 0.00%, 12, 0, 4, 214.02, 65225, 138
291, 0, 56, 72, 46, 0, 0.00%, 12, 0, 4, 217.07, 66358, 138
296, 0, 70, 72, 46, 1, 0.00%, 12, 0, 4, 259.78, 67692, 138
301, 0, 54, 72, 45, 0, 0.00%, 13, 0, 4, 250.28, 68967, 138
306, 0, 54, 73, 46, 0, 0.00%, 14, 0, 4, 258.52, 70304, 138
311, 0, 73, 75, 48, 2, 0.00%, 14, 0, 4, 278.35, 71670, 138
316, 0, 69, 75, 46, 0, 0.00%, 15, 0, 4, 252.10, 72906, 138
321, 0, 2, 76, 47, 0, 0.00%, 15, 0, 5, 201.49, 73887, 138
327, 0, 13, 76, 47, 0, 0.00%, 15, 0, 5, 209.26, 74991, 138
332, 0, 58, 76, 47, 0, 0.00%, 15, 0, 5, 217.68, 76063, 138
337, 0, 76, 77, 48, 1, 0.00%, 15, 0, 5, 268.07, 77441, 138
342, 0, 70, 77, 47, 0, 0.00%, 15, 0, 5, 255.63, 78833, 138
347, 0, 51, 77, 47, 0, 0.00%, 15, 0, 5, 235.65, 79988, 138
352, 0, 50, 77, 47, 0, 0.00%, 15, 0, 5, 224.60, 81115, 138
357, 0, 53, 77, 47, 0, 0.00%, 15, 0, 5, 224.49, 82280, 138
362, 0, 76, 78, 48, 0, 0.00%, 15, 0, 5, 226.60, 83454, 138
368, 0, 28, 78, 48, 0, 0.00%, 15, 0, 5, 225.00, 84618, 138
373, 0, 60, 79, 49, 0, 0.00%, 15, 0, 5, 223.13, 85774, 138
378, 0, 78, 79, 49, 1, 0.00%, 15, 0, 5, 269.81, 87196, 138
383, 0, 64, 79, 48, 0, 0.00%, 15, 0, 5, 250.39, 88404, 138
388, 0, 46, 79, 48, 0, 0.00%, 15, 0, 5, 238.20, 89636, 138
393, 0, 64, 79, 48, 0, 0.00%, 15, 0, 5, 237.35, 90851, 138
399, 0, 78, 80, 49, 0, 0.00%, 15, 0, 5, 230.26, 92051, 138
404, 0, 46, 81, 50, 0, 0.00%, 16, 0, 5, 229.47, 93240, 138
409, 0, 66, 81, 50, 0, 0.00%, 16, 0, 5, 227.34, 94363, 138
414, 1, 78, 81, 50, 0, 0.00%, 16, 0, 5, 237.40, 95607, 138
419, 1, 78, 81, 50, 0, 0.00%, 16, 0, 5, 231.58, 96789, 138
424, 1, 78, 81, 50, 0, 0.00%, 16, 0, 5, 231.20, 97950, 138
429, 1, 78, 81, 50, 0, 0.00%, 16, 0, 5, 231.96, 99109, 138
434, 1, 69, 81, 50, 0, 0.00%, 16, 0, 5, 239.89, 100330, 138
440, 1, 57, 81, 50, 0, 0.00%, 16, 0, 5, 238.57, 101541, 138
445, 1, 70, 81, 50, 0, 0.00%, 16, 0, 5, 236.60, 102764, 138
450, 1, 80, 81, 50, 0, 0.00%, 16, 0, 5, 239.05, 103990, 138
455, 1, 80, 81, 50, 0, 0.00%, 16, 0, 5, 288.30, 105576, 138
460, 1, 69, 81, 49, 0, 0.00%, 16, 0, 5, 250.28, 106792, 138
465, 1, 80, 81, 49, 0, 0.00%, 16, 0, 5, 234.95, 107996, 138
471, 1, 80, 82, 50, 0, 0.00%, 16, 0, 5, 231.75, 109204, 138
476, 1, 80, 82, 50, 0, 0.00%, 16, 0, 5, 230.15, 110403, 138
481, 1, 50, 84, 52, 0, 0.00%, 16, 0, 5, 223.53, 111555, 138
486, 1, 61, 84, 52, 0, 0.00%, 16, 0, 5, 228.82, 112742, 138
491, 1, 66, 85, 52, 0, 0.00%, 16, 0, 5, 230.38, 113931, 139
497, 1, 51, 86, 52, 0, 0.00%, 16, 0, 5, 232.03, 115139, 141
502, 1, 80, 87, 53, 0, 0.00%, 16, 0, 5, 241.80, 116417, 141
507, 1, 85, 87, 53, 0, 0.00%, 16, 0, 5, 238.43, 117652, 141
512, 1, 84, 87, 53, 0, 0.00%, 16, 0, 5, 240.09, 118934, 141
517, 1, 28, 88, 54, 0, 0.00%, 16, 0, 5, 238.76, 120207, 141
522, 1, 54, 88, 54, 0, 0.00%, 16, 0, 5, 241.26, 121469, 141
528, 1, 29, 88, 54, 0, 0.00%, 16, 0, 5, 265.27, 122815, 141
533, 1, 46, 88, 53, 0, 0.00%, 16, 0, 5, 257.57, 124150, 141
538, 1, 25, 88, 53, 0, 0.00%, 16, 0, 5, 238.76, 125321, 141
543, 1, 77, 88, 53, 0, 0.00%, 16, 0, 5, 278.86, 126739, 141
548, 1, 77, 88, 52, 0, 0.00%, 16, 0, 5, 254.29, 128061, 141
553, 1, 46, 88, 52, 0, 0.00%, 16, 0, 5, 237.29, 129269, 141
558, 1, 59, 88, 52, 0, 0.00%, 16, 0, 5, 261.11, 130599, 141
563, 1, 77, 88, 51, 0, 0.00%, 16, 0, 5, 233.03, 131846, 141
569, 1, 46, 90, 53, 0, 0.00%, 16, 0, 5, 234.40, 133039, 141
574, 1, 66, 90, 53, 0, 0.00%, 16, 0, 5, 229.83, 134181, 141
579, 1, 47, 90, 53, 0, 0.00%, 16, 0, 5, 238.58, 135398, 141
584, 1, 87, 90, 53, 0, 0.00%, 16, 0, 5, 267.43, 136739, 141
589, 2, 25, 90, 52, 0, 0.00%, 16, 0, 5, 247.54, 137990, 141
594, 2, 75, 90, 52, 0, 0.00%, 16, 0, 5, 277.70, 139400, 141
599, 2, 2, 90, 51, 0, 0.00%, 16, 0, 5, 253.35, 140701, 141
604, 2, 68, 90, 51, 0, 0.00%, 16, 0, 5, 270.00, 142056, 141
610, 2, 13, 91, 51, 0, 0.00%, 16, 0, 5, 246.52, 143348, 141
615, 2, 69, 91, 51, 0, 0.00%, 16, 0, 5, 238.80, 144541, 141
620, 2, 69, 92, 52, 0, 0.00%, 16, 0, 5, 256.18, 145860, 141
625, 2, 77, 92, 52, 0, 0.00%, 16, 0, 5, 245.64, 147109, 141
630, 2, 25, 92, 52, 0, 0.00%, 16, 0, 5, 238.10, 148325, 141
635, 2, 25, 92, 52, 0, 0.00%, 16, 0, 5, 232.50, 149531, 141
640, 2, 69, 92, 52, 0, 0.00%, 16, 0, 5, 248.23, 150802, 141
646, 2, 30, 92, 52, 0, 0.00%, 16, 0, 5, 247.33, 152065, 141
651, 2, 69, 92, 51, 0, 0.00%, 16, 0, 5, 272.80, 153575, 141
656, 2, 91, 93, 52, 0, 0.00%, 16, 0, 5, 283.35, 155015, 141
661, 2, 53, 93, 51, 0, 0.00%, 16, 0, 5, 245.31, 156201, 141
666, 2, 47, 93, 51, 0, 0.00%, 16, 0, 5, 245.41, 157459, 141
671, 2, 25, 93, 51, 0, 0.00%, 16, 0, 5, 245.32, 158715, 141
676, 2, 69, 93, 51, 0, 0.00%, 16, 0, 5, 238.89, 159950, 141
682, 2, 52, 93, 51, 0, 0.00%, 16, 0, 5, 245.73, 161209, 141
687, 2, 54, 93, 50, 0, 0.00%, 16, 0, 5, 259.09, 162632, 141
692, 2, 72, 93, 50, 0, 0.00%, 16, 0, 5, 245.10, 163899, 141
697, 2, 54, 93, 50, 0, 0.00%, 16, 0, 5, 241.61, 165116, 141
702, 2, 54, 94, 51, 0, 0.00%, 16, 0, 5, 238.28, 166343, 141
707, 2, 69, 94, 51, 0, 0.00%, 16, 0, 5, 246.31, 167622, 141
713, 2, 25, 94, 51, 0, 0.00%, 16, 0, 5, 217.94, 168683, 141
718, 3, 66, 94, 51, 0, 0.00%, 16, 0, 5, 205.66, 169761, 141
723, 3, 82, 94, 51, 0, 0.00%, 16, 0, 5, 242.63, 170986, 141
728, 3, 25, 94, 50, 0, 0.00%, 16, 0, 5, 228.32, 172204, 141
733, 3, 77, 94, 50, 0, 0.00%, 17, 0, 5, 232.31, 173341, 141
738, 3, 53, 94, 50, 0, 0.00%, 17, 0, 5, 210.07, 174368, 141
743, 3, 77, 94, 50, 0, 0.00%, 17, 0, 5, 212.96, 175470, 141
748, 3, 2, 94, 50, 0, 0.00%, 17, 0, 5, 208.29, 176565, 141
754, 3, 13, 94, 50, 0, 0.00%, 17, 0, 5, 217.60, 177690, 141
759, 3, 69, 94, 50, 0, 0.00%, 17, 0, 5, 222.97, 178829, 141
764, 3, 6, 94, 50, 0, 0.00%, 17, 0, 5, 226.13, 179924, 141
769, 3, 77, 94, 49, 0, 0.00%, 17, 0, 5, 219.52, 180992, 141
774, 3, 50, 94, 49, 0, 0.00%, 17, 0, 5, 222.40, 182149, 141
779, 3, 69, 94, 49, 0, 0.00%, 17, 0, 5, 232.28, 183353, 141
784, 3, 64, 94, 49, 0, 0.00%, 17, 0, 5, 241.86, 184609, 141
789, 3, 70, 94, 49, 0, 0.00%, 17, 0, 5, 242.12, 185851, 141
795, 3, 43, 94, 49, 0, 0.00%, 17, 0, 5, 270.65, 187291, 141
800, 3, 77, 94, 48, 0, 0.00%, 17, 0, 5, 247.18, 188556, 141
805, 3, 2, 94, 48, 0, 0.00%, 17, 0, 5, 232.57, 189761, 141
810, 3, 69, 94, 48, 0, 0.00%, 17, 0, 5, 236.26, 190979, 141
815, 3, 66, 94, 48, 0, 0.00%, 17, 0, 5, 240.74, 192217, 141
820, 3, 54, 94, 48, 0, 0.00%, 17, 0, 5, 238.26, 193455, 141
826, 3, 51, 94, 48, 0, 0.00%, 17, 0, 5, 236.25, 194667, 141
831, 3, 77, 94, 48, 0, 0.00%, 17, 0, 5, 238.56, 195927, 141
836, 3, 25, 94, 48, 0, 0.00%, 17, 0, 5, 234.42, 197140, 141
841, 3, 51, 94, 48, 0, 0.00%, 17, 0, 5, 220.71, 198299, 141
846, 3, 10, 94, 48, 0, 0.00%, 17, 0, 5, 231.01, 199503, 141
852, 4, 54, 94, 47, 0, 0.00%, 17, 0, 5, 231.48, 200695, 141
857, 4, 77, 94, 47, 0, 0.00%, 17, 0, 5, 245.55, 201972, 141
862, 4, 25, 94, 47, 0, 0.00%, 17, 0, 5, 237.18, 203206, 141
867, 4, 50, 94, 47, 0, 0.00%, 17, 0, 5, 237.72, 204444, 141
872, 4, 85, 94, 47, 0, 0.00%, 17, 0, 5, 243.47, 205690, 141
877, 4, 54, 94, 47, 0, 0.00%, 17, 0, 5, 236.12, 206879, 141
882, 4, 66, 94, 47, 0, 0.00%, 17, 0, 5, 226.19, 208033, 141
888, 4, 61, 94, 47, 0, 0.00%, 17, 0, 5, 216.10, 209123, 141
893, 4, 66, 94, 47, 0, 0.00%, 17, 0, 5, 213.74, 210198, 141
898, 4, 46, 94, 47, 0, 0.00%, 17, 0, 5, 212.97, 211339, 141
903, 4, 41, 94, 47, 0, 0.00%, 17, 0, 5, 265.49, 212662, 141
908, 4, 73, 94, 46, 0, 0.00%, 17, 0, 5, 250.35, 213957, 141
913, 4, 80, 94, 46, 0, 0.00%, 17, 0, 5, 224.70, 215118, 141
918, 4, 77, 94, 46, 0, 0.00%, 17, 0, 5, 230.63, 216331, 141
924, 4, 79, 94, 46, 0, 0.00%, 17, 0, 5, 275.02, 217746, 141
929, 4, 54, 94, 45, 0, 0.00%, 17, 0, 5, 230.81, 218890, 141
934, 4, 53, 94, 45, 0, 0.00%, 17, 0, 5, 210.61, 219938, 141
939, 4, 88, 94, 45, 0, 0.00%, 17, 0, 5, 232.89, 221091, 141
944, 4, 88, 95, 46, 0, 0.00%, 17, 0, 6, 268.06, 222607, 141
949, 4, 88, 95, 45, 0, 0.00%, 17, 0, 6, 231.38, 223720, 141
954, 4, 72, 95, 45, 0, 0.00%, 17, 0, 6, 214.84, 224756, 141
959, 4, 69, 95, 45, 0, 0.00%, 17, 0, 6, 240.10, 226028, 141
965, 4, 25, 95, 44, 0, 0.00%, 17, 0, 6, 242.64, 227297, 141
970, 4, 72, 95, 44, 0, 0.00%, 17, 0, 6, 248.11, 228611, 141
975, 4, 79, 96, 45, 0, 0.00%, 17, 0, 6, 232.42, 229803, 141
980, 4, 25, 96, 45, 0, 0.00%, 17, 0, 6, 240.63, 231034, 141
985, 5, 25, 96, 45, 0, 0.00%, 17, 0, 6, 233.48, 232220, 141
990, 5, 69, 96, 45, 0, 0.00%, 17, 0, 6, 250.16, 233535, 141
995, 5, 88, 96, 45, 0, 0.00%, 17, 0, 6, 237.34, 234758, 141
1001, 5, 2, 96, 45, 0, 0.00%, 17, 0, 6, 242.25, 236020, 141
1006, 5, 79, 96, 45, 0, 0.00%, 17, 0, 6, 240.60, 237270, 141
1011, 5, 72, 96, 45, 0, 0.00%, 17, 0, 6, 235.76, 238475, 141
1016, 5, 69, 96, 45, 0, 0.00%, 17, 0, 6, 247.13, 239744, 141
1021, 5, 8, 96, 44, 0, 0.00%, 17, 0, 6, 276.31, 241277, 141
1026, 5, 8, 96, 44, 0, 0.00%, 17, 0, 6, 276.43, 242742, 141
1032, 5, 64, 96, 43, 0, 0.00%, 17, 0, 6, 253.57, 243959, 141
1037, 5, 65, 96, 43, 0, 0.00%, 17, 0, 6, 249.94, 245257, 141
1042, 5, 84, 97, 44, 0, 0.00%, 17, 0, 6, 238.75, 246464, 141
1047, 5, 66, 97, 44, 0, 0.00%, 17, 0, 6, 237.36, 247684, 141
1052, 5, 91, 97, 44, 0, 0.00%, 17, 0, 6, 237.40, 248918, 141
1057, 5, 72, 98, 45, 0, 0.00%, 17, 0, 6, 233.83, 250081, 141
1062, 5, 69, 98, 45, 0, 0.00%, 17, 0, 6, 234.04, 251297, 141
1067, 5, 69, 98, 45, 0, 0.00%, 17, 0, 6, 220.04, 252425, 141
1073, 5, 54, 98, 45, 0, 0.00%, 17, 0, 6, 235.65, 253629, 141
1078, 5, 62, 98, 45, 0, 0.00%, 17, 0, 6, 244.95, 254920, 141
1083, 5, 66, 98, 45, 0, 0.00%, 17, 0, 6, 216.01, 256044, 141
1088, 5, 54, 98, 45, 0, 0.00%, 17, 0, 6, 225.57, 257242, 141
1093, 5, 83, 98, 45, 0, 0.00%, 17, 0, 6, 252.80, 258583, 141
1098, 5, 24, 98, 44, 0, 0.00%, 17, 0, 6, 205.85, 259600, 141
1103, 5, 24, 98, 44, 0, 0.00%, 17, 0, 6, 155.94, 260332, 141
1108, 5, 24, 98, 44, 0, 0.00%, 17, 0, 6, 145.07, 261065, 141
1114, 5, 69, 98, 43, 0, 0.00%, 17, 0, 6, 211.12, 262176, 141
1119, 6, 2, 98, 43, 0, 0.00%, 17, 0, 6, 230.14, 263414, 141
1124, 6, 79, 98, 43, 0, 0.00%, 17, 0, 6, 239.92, 264660, 141
1129, 6, 62, 98, 43, 0, 0.00%, 17, 0, 6, 247.83, 265946, 141
1134, 6, 73, 98, 43, 0, 0.00%, 17, 0, 6, 238.88, 267132, 141
1139, 6, 85, 98, 43, 0, 0.00%, 17, 0, 6, 248.72, 268407, 141
1144, 6, 69, 98, 43, 0, 0.00%, 17, 0, 6, 245.98, 269656, 141
1150, 6, 36, 98, 43, 0, 0.00%, 17, 0, 6, 252.29, 270911, 141
1155, 6, 33, 98, 42, 0, 0.00%, 17, 0, 6, 268.92, 272320, 141
1160, 6, 12, 98, 41, 0, 0.00%, 17, 0, 6, 298.28, 273913, 141
1165, 6, 69, 98, 40, 0, 0.00%, 17, 0, 6, 254.08, 275147, 141
1170, 6, 54, 98, 40, 0, 0.00%, 17, 0, 6, 246.64, 276405, 141
1175, 6, 66, 98, 40, 0, 0.00%, 17, 0, 6, 239.78, 277629, 141
1180, 6, 61, 98, 39, 0, 0.00%, 17, 0, 6, 244.16, 278897, 141
1186, 6, 53, 98, 39, 0, 0.00%, 17, 0, 6, 237.58, 280131, 141
1191, 6, 25, 98, 39, 0, 0.00%, 17, 0, 6, 237.37, 281346, 141
1196, 6, 66, 98, 39, 0, 0.00%, 17, 0, 6, 241.69, 282594, 141
1201, 6, 67, 98, 39, 0, 0.00%, 17, 0, 6, 241.65, 283854, 141
1206, 6, 25, 98, 39, 0, 0.00%, 17, 0, 6, 236.66, 285064, 141
1211, 6, 38, 98, 39, 0, 0.00%, 17, 0, 6, 270.53, 286437, 141
1217, 6, 54, 98, 38, 0, 0.00%, 17, 0, 6, 251.87, 287759, 141
1222, 6, 73, 98, 38, 0, 0.00%, 17, 0, 6, 247.58, 289025, 141
1227, 6, 88, 98, 38, 0, 0.00%, 17, 0, 6, 240.30, 290249, 141
1232, 6, 25, 98, 38, 0, 0.00%, 17, 0, 6, 248.04, 291514, 141
1237, 6, 71, 98, 38, 0, 0.00%, 17, 0, 6, 258.06, 292811, 141
1242, 7, 25, 98, 37, 0, 0.00%, 17, 0, 6, 264.86, 294210, 141
1247, 7, 62, 98, 37, 0, 0.00%, 17, 0, 6, 241.02, 295439, 141
1252, 7, 13, 98, 37, 0, 0.00%, 17, 0, 6, 240.31, 296641, 141
1257, 7, 95, 98, 37, 0, 0.00%, 17, 0, 6, 244.34, 297907, 141
1263, 7, 95, 98, 37, 0, 0.00%, 17, 0, 6, 278.25, 299457, 141
1268, 7, 95, 98, 36, 0, 0.00%, 17, 0, 6, 252.36, 300702, 141
1273, 7, 72, 98, 36, 0, 0.00%, 17, 0, 6, 239.50, 301881, 141
1278, 7, 80, 98, 36, 0, 0.00%, 17, 0, 6, 243.00, 303134, 141
1283, 7, 95, 98, 36, 0, 0.00%, 17, 0, 6, 237.65, 304358, 141
1288, 7, 26, 98, 36, 0, 0.00%, 17, 0, 6, 277.56, 305774, 141
1293, 7, 57, 98, 35, 0, 0.00%, 17, 0, 6, 246.17, 306983, 141
1298, 7, 85, 98, 35, 0, 0.00%, 17, 0, 6, 250.20, 308268, 141
1303, 7, 84, 98, 35, 0, 0.00%, 17, 0, 6, 249.64, 309541, 141
1309, 7, 13, 98, 35, 0, 0.00%, 17, 0, 6, 240.56, 310779, 141
1314, 7, 88, 98, 35, 0, 0.00%, 17, 0, 6, 237.53, 311994, 141
1319, 7, 69, 98, 35, 0, 0.00%, 17, 0, 6, 242.97, 313232, 141
1324, 7, 47, 98, 35, 0, 0.00%, 17, 0, 6, 237.32, 314449, 141
1329, 7, 50, 98, 35, 0, 0.00%, 17, 0, 6, 236.84, 315666, 141
1334, 7, 85, 98, 35, 0, 0.00%, 17, 0, 6, 248.66, 316956, 141
1340, 7, 88, 98, 35, 0, 0.00%, 17, 0, 6, 247.01, 318235, 141
1345, 7, 66, 98, 35, 0, 0.00%, 17, 0, 6, 238.83, 319454, 141
1350, 7, 46, 98, 35, 0, 0.00%, 17, 0, 6, 235.24, 320668, 141
1355, 7, 88, 98, 35, 0, 0.00%, 17, 0, 6, 243.96, 321952, 141
1360, 7, 65, 98, 35, 0, 0.00%, 17, 0, 6, 246.27, 323234, 141
1365, 7, 27, 98, 35, 0, 0.00%, 17, 0, 6, 293.76, 324782, 141
1371, 7, 25, 98, 34, 0, 0.00%, 17, 0, 6, 265.30, 326160, 141
1376, 8, 2, 98, 34, 0, 0.00%, 17, 0, 6, 250.71, 327403, 141
1381, 8, 95, 98, 34, 0, 0.00%, 17, 0, 6, 240.17, 328620, 141
1386, 8, 64, 98, 34, 0, 0.00%, 17, 0, 6, 240.60, 329855, 141
1391, 8, 13, 98, 34, 0, 0.00%, 17, 0, 6, 243.84, 331108, 141
1396, 8, 88, 98, 34, 0, 0.00%, 17, 0, 6, 235.44, 332325, 141
1401, 8, 69, 98, 34, 0, 0.00%, 17, 0, 6, 242.97, 333573, 141
1407, 8, 86, 98, 34, 0, 0.00%, 17, 0, 6, 264.37, 335023, 141
1412, 8, 1, 98, 33, 0, 0.00%, 17, 0, 6, 253.55, 336312, 141
1417, 8, 69, 98, 33, 0, 0.00%, 17, 0, 6, 249.22, 337570, 141
1422, 8, 88, 98, 33, 0, 0.00%, 17, 0, 6, 244.23, 338832, 141
1427, 8, 69, 98, 33, 0, 0.00%, 17, 0, 6, 247.72, 340114, 141
1432, 8, 72, 98, 33, 0, 0.00%, 17, 0, 6, 249.99, 341392, 141
1438, 8, 88, 98, 33, 0, 0.00%, 17, 0, 6, 250.47, 342673, 141
1443, 8, 84, 98, 33, 0, 0.00%, 17, 0, 6, 262.87, 344031, 141
1448, 8, 95, 98, 33, 0, 0.00%, 17, 0, 6, 260.35, 345374, 141
1453, 8, 74, 98, 33, 0, 0.00%, 17, 0, 6, 282.29, 346788, 141
1458, 8, 46, 98, 32, 0, 0.00%, 17, 0, 6, 258.07, 348113, 141
1463, 8, 50, 98, 32, 0, 0.00%, 17, 0, 6, 246.31, 349329, 141
1468, 8, 95, 98, 32, 0, 0.00%, 17, 0, 6, 260.93, 350680, 141
1474, 8, 69, 98, 32, 0, 0.00%, 17, 0, 6, 252.72, 351965, 141
1479, 8, 20, 98, 32, 0, 0.00%, 17, 0, 6, 256.82, 353255, 141
1484, 8, 20, 98, 32, 0, 0.00%, 17, 0, 6, 275.44, 354747, 141
1489, 8, 3, 98, 31, 0, 0.00%, 17, 0, 6, 295.80, 356188, 141
1494, 9, 69, 98, 30, 0, 0.00%, 17, 0, 6, 270.17, 357584, 141
1499, 9, 66, 98, 30, 0, 0.00%, 18, 0, 6, 258.04, 358880, 141
1504, 9, 66, 98, 30, 0, 0.00%, 18, 0, 6, 259.56, 360160, 141
1509, 9, 85, 98, 30, 0, 0.00%, 18, 0, 6, 253.32, 361416, 141
1514, 9, 54, 98, 30, 0, 0.00%, 18, 0, 6, 253.09, 362688, 141
1519, 9, 88, 98, 29, 0, 0.00%, 18, 0, 6, 262.14, 364111, 141
1524, 9, 69, 98, 29, 0, 0.00%, 18, 0, 6, 253.53, 365364, 141
1529, 9, 93, 98, 29, 0, 0.00%, 18, 0, 6, 271.08, 366746, 141
1535, 9, 53, 98, 28, 0, 0.00%, 18, 0, 6, 262.44, 368157, 141
1540, 9, 69, 98, 28, 0, 0.00%, 18, 0, 6, 258.25, 369471, 141
1545, 9, 54, 98, 28, 0, 0.00%, 18, 0, 6, 256.45, 370802, 141
1550, 9, 88, 98, 28, 0, 0.00%, 18, 0, 6, 246.62, 372065, 141
1555, 9, 66, 98, 28, 0, 0.00%, 18, 0, 6, 250.91, 373353, 141
1560, 9, 62, 98, 28, 0, 0.00%, 18, 0, 6, 253.34, 374629, 141
1566, 9, 88, 98, 28, 0, 0.00%, 18, 0, 6, 245.28, 375889, 141
1571, 9, 14, 98, 28, 0, 0.00%, 18, 0, 6, 287.01, 377360, 141
1576, 9, 35, 98, 27, 0, 0.00%, 18, 0, 6, 268.58, 378776, 141
1581, 9, 66, 98, 26, 0, 0.00%, 18, 0, 6, 246.25, 379991, 141
1586, 9, 66, 98, 26, 0, 0.00%, 18, 0, 6, 167.68, 380730, 141
1591, 9, 54, 98, 26, 0, 0.00%, 18, 0, 6, 152.29, 381484, 141
1596, 9, 5, 98, 26, 0, 0.00%, 18, 0, 6, 155.84, 382259, 141
1601, 9, 65, 98, 25, 0, 0.00%, 18, 0, 6, 145.96, 382997, 141
1606, 9, 25, 98, 25, 0, 0.00%, 18, 0, 6, 133.39, 383671, 141
1612, 9, 2, 98, 25, 0, 0.00%, 18, 0, 6, 133.34, 384363, 141
1617, 10, 69, 98, 25, 0, 0.00%, 18, 0, 6, 135.69, 385061, 141
1622, 10, 95, 98, 25, 0, 0.00%, 18, 0, 6, 134.86, 385748, 141
1627, 10, 46, 98, 25, 0, 0.00%, 18, 0, 6, 136.83, 386464, 141
1632, 10, 88, 98, 25, 0, 0.00%, 18, 0, 6, 135.68, 387163, 141
1637, 10, 85, 98, 25, 0, 0.00%, 18, 0, 6, 141.87, 387886, 141
1642, 10, 88, 98, 25, 0, 0.00%, 18, 0, 6, 146.80, 388661, 141
1648, 10, 46, 98, 25, 0, 0.00%, 18, 0, 6, 133.95, 389338, 141
1653, 10, 57, 98, 25, 0, 0.00%, 18, 0, 6, 134.15, 390031, 141
1658, 10, 73, 98, 25, 0, 0.00%, 18, 0, 6, 137.58, 390746, 141
1663, 10, 66, 98, 25, 0, 0.00%, 18, 0, 6, 137.24, 391449, 141
1668, 10, 28, 98, 25, 0, 0.00%, 18, 0, 6, 138.79, 392174, 141
1673, 10, 88, 98, 25, 0, 0.00%, 18, 0, 6, 140.58, 392905, 141
1679, 10, 88, 98, 25, 0, 0.00%, 18, 0, 6, 141.53, 393632, 141
1684, 10, 69, 98, 25, 0, 0.00%, 18, 0, 6, 145.33, 394370, 141
1689, 10, 28, 98, 25, 0, 0.00%, 18, 0, 6, 142.31, 395122, 141
1694, 10, 2, 98, 25, 0, 0.00%, 18, 0, 6, 140.95, 395852, 141
1699, 10, 54, 98, 25, 0, 0.00%, 18, 0, 6, 140.85, 396569, 141
1704, 10, 88, 98, 25, 0, 0.00%, 18, 0, 6, 145.22, 397319, 141
1709, 10, 88, 98, 25, 0, 0.00%, 18, 0, 6, 142.09, 398049, 141
1715, 10, 66, 98, 25, 0, 0.00%, 18, 0, 6, 141.31, 398765, 141
1720, 10, 50, 98, 25, 0, 0.00%, 18, 0, 6, 144.26, 399510, 141
1725, 10, 73, 98, 25, 0, 0.00%, 18, 0, 6, 139.92, 400230, 141
1730, 10, 69, 98, 25, 0, 0.00%, 18, 0, 6, 140.93, 400941, 141
1735, 10, 95, 98, 25, 0, 0.00%, 18, 0, 6, 136.43, 401644, 141
1740, 10, 69, 98, 25, 0, 0.00%, 18, 0, 6, 138.81, 402356, 141
1746, 10, 66, 98, 25, 0, 0.00%, 18, 0, 6, 139.40, 403087, 141
1751, 10, 88, 98, 25, 0, 0.00%, 18, 0, 6, 138.89, 403815, 141
1756, 10, 88, 98, 25, 0, 0.00%, 18, 0, 6, 138.56, 404547, 141
1761, 10, 28, 98, 25, 0, 0.00%, 18, 0, 6, 141.82, 405295, 141
1766, 10, 66, 98, 25, 0, 0.00%, 18, 0, 6, 146.91, 406039, 141
1771, 10, 28, 98, 25, 0, 0.00%, 18, 0, 6, 138.19, 406749, 141
1776, 10, 66, 98, 24, 0, 0.00%, 18, 0, 6, 143.92, 407498, 141
1782, 10, 72, 98, 24, 0, 0.00%, 18, 0, 6, 136.78, 408198, 141
1787, 10, 28, 98, 24, 0, 0.00%, 18, 0, 6, 141.98, 408934, 141
1792, 10, 62, 98, 24, 0, 0.00%, 18, 0, 6, 112.23, 409496, 141
1797, 11, 25, 98, 24, 0, 0.00%, 18, 0, 6, 123.94, 410133, 141
1802, 11, 72, 98, 24, 0, 0.00%, 18, 0, 6, 142.34, 410899, 141
1807, 11, 94, 98, 24, 0, 0.00%, 18, 0, 6, 149.87, 411677, 141
1812, 11, 94, 98, 24, 0, 0.00%, 18, 0, 6, 178.98, 412660, 141
1817, 11, 94, 98, 24, 0, 0.00%, 18, 0, 6, 154.71, 413440, 141
1823, 11, 46, 98, 23, 0, 0.00%, 18, 0, 6, 148.49, 414201, 141
1828, 11, 69, 98, 23, 0, 0.00%, 18, 0, 6, 146.95, 414955, 141
1833, 11, 53, 98, 23, 0, 0.00%, 18, 0, 6, 152.40, 415766, 141
1838, 11, 88, 98, 23, 0, 0.00%, 18, 0, 6, 149.38, 416537, 141
1843, 11, 72, 98, 23, 0, 0.00%, 18, 0, 6, 148.65, 417303, 141
1848, 11, 97, 98, 23, 0, 0.00%, 18, 0, 6, 171.02, 418189, 141
1853, 11, 97, 99, 24, 0, 0.00%, 18, 0, 6, 137.96, 418870, 141
1859, 11, 23, 99, 23, 0, 0.00%, 18, 0, 6, 144.21, 419561, 141
1864, 11, 23, 99, 23, 0, 0.00%, 18, 0, 6, 169.81, 420448, 141
1869, 11, 88, 99, 22, 0, 0.00%, 18, 0, 6, 135.35, 421116, 141
1874, 11, 66, 99, 22, 0, 0.00%, 18, 0, 6, 144.00, 421858, 141
1879, 11, 85, 99, 22, 0, 0.00%, 18, 0, 6, 154.63, 422632, 141
1884, 11, 66, 99, 22, 0, 0.00%, 18, 0, 6, 150.21, 423399, 141
1889, 11, 46, 99, 22, 0, 0.00%, 18, 0, 6, 149.78, 424171, 141
1895, 11, 88, 99, 22, 0, 0.00%, 18, 0, 6, 145.70, 424918, 141
1900, 11, 46, 99, 22, 0, 0.00%, 18, 0, 6, 151.40, 425693, 141
1905, 11, 53, 99, 22, 0, 0.00%, 18, 0, 6, 153.99, 426484, 141
1910, 11, 69, 99, 22, 0, 0.00%, 18, 0, 6, 158.85, 427304, 141
1915, 11, 95, 99, 22, 0, 0.00%, 18, 0, 6, 147.02, 428058, 141
1920, 11, 54, 99, 22, 0, 0.00%, 18, 0, 6, 148.58, 428819, 141
1926, 11, 88, 99, 22, 0, 0.00%, 18, 0, 6, 151.22, 429624, 141
1931, 11, 88, 99, 22, 0, 0.00%, 18, 0, 6, 148.40, 430395, 141
1936, 11, 46, 99, 22, 0, 0.00%, 18, 0, 6, 149.43, 431177, 141
1941, 11, 80, 99, 22, 0, 0.00%, 18, 0, 6, 140.38, 431881, 141
1946, 11, 69, 99, 22, 0, 0.00%, 18, 0, 6, 132.31, 432561, 141
1951, 11, 88, 99, 22, 0, 0.00%, 18, 0, 6, 141.82, 433292, 141
1956, 11, 69, 99, 22, 0, 0.00%, 18, 0, 6, 150.81, 434069, 141
1962, 11, 54, 99, 22, 0, 0.00%, 18, 0, 6, 158.39, 434899, 141
1967, 11, 95, 99, 22, 0, 0.00%, 18, 0, 6, 146.37, 435632, 141
1972, 11, 28, 99, 22, 0, 0.00%, 18, 0, 6, 155.60, 436457, 141
1977, 11, 2, 99, 22, 0, 0.00%, 18, 0, 6, 150.78, 437212, 141
1982, 11, 69, 99, 22, 0, 0.00%, 19, 0, 6, 151.58, 437996, 141
1987, 11, 88, 99, 22, 0, 0.00%, 19, 0, 6, 154.65, 438823, 141
1992, 12, 40, 99, 22, 0, 0.00%, 19, 0, 6, 140.37, 439528, 141
1998, 12, 54, 99, 22, 0, 0.00%, 19, 0, 6, 145.07, 440285, 141
2003, 12, 72, 99, 22, 0, 0.00%, 19, 0, 6, 148.62, 441051, 141
2008, 12, 63, 99, 22, 0, 0.00%, 19, 0, 6, 186.50, 442024, 141
2013, 12, 13, 99, 21, 0, 0.00%, 19, 0, 6, 158.84, 442858, 141
2018, 12, 25, 99, 21, 0, 0.00%, 19, 0, 6, 135.32, 443518, 141
2023, 12, 88, 99, 21, 0, 0.00%, 19, 0, 6, 133.18, 444197, 141
2028, 12, 72, 99, 21, 0, 0.00%, 19, 0, 6, 134.67, 444886, 141
2034, 12, 69, 99, 21, 0, 0.00%, 19, 0, 6, 141.41, 445637, 141
2039, 12, 72, 99, 21, 0, 0.00%, 19, 0, 6, 143.07, 446380, 141
2044, 12, 57, 99, 21, 0, 0.00%, 19, 0, 6, 140.90, 447111, 141
2049, 12, 40, 99, 21, 0, 0.00%, 19, 0, 6, 136.86, 447814, 141
2054, 12, 88, 99, 20, 0, 0.00%, 19, 0, 6, 148.12, 448604, 141
2059, 12, 40, 99, 20, 0, 0.00%, 19, 0, 6, 136.16, 449286, 141
2065, 12, 46, 99, 20, 0, 0.00%, 19, 0, 6, 132.09, 449965, 141
2070, 12, 62, 99, 20, 0, 0.00%, 19, 0, 6, 131.32, 450632, 141
2075, 12, 64, 99, 20, 0, 0.00%, 19, 0, 6, 133.11, 451312, 141
2080, 12, 88, 99, 20, 0, 0.00%, 19, 0, 6, 130.65, 451991, 141
2085, 12, 72, 99, 20, 0, 0.00%, 19, 0, 6, 135.98, 452695, 141
2090, 12, 25, 99, 20, 0, 0.00%, 19, 0, 6, 134.48, 453392, 141
2096, 12, 69, 99, 20, 0, 0.00%, 19, 0, 6, 136.40, 454080, 141
2101, 12, 85, 99, 20, 0, 0.00%, 19, 0, 6, 139.59, 454793, 141
2106, 12, 28, 99, 20, 0, 0.00%, 19, 0, 6, 138.88, 455516, 141
2111, 12, 88, 99, 20, 0, 0.00%, 19, 0, 6, 136.13, 456226, 141
2116, 12, 69, 99, 20, 0, 0.00%, 19, 0, 6, 136.55, 456925, 141
2121, 12, 72, 99, 20, 0, 0.00%, 19, 0, 6, 136.56, 457641, 141
2127, 12, 54, 99, 20, 0, 0.00%, 19, 0, 6, 137.53, 458348, 141
2132, 12, 13, 99, 20, 0, 0.00%, 19, 0, 6, 138.96, 459060, 141
2137, 12, 2, 99, 20, 0, 0.00%, 19, 0, 6, 140.75, 459803, 141
2142, 12, 66, 99, 20, 0, 0.00%, 19, 0, 6, 136.48, 460495, 141
2147, 12, 88, 99, 20, 0, 0.00%, 19, 0, 6, 136.93, 461207, 141
2152, 12, 69, 99, 20, 0, 0.00%, 19, 0, 6, 141.54, 461936, 141
2157, 12, 69, 99, 20, 0, 0.00%, 19, 0, 6, 143.84, 462674, 141
2163, 12, 99, 100, 21, 1, 0.00%, 19, 0, 6, 151.18, 463431, 141
2168, 12, 99, 100, 20, 0, 0.00%, 19, 0, 6, 151.82, 464259, 141
2173, 12, 99, 100, 20, 0, 0.00%, 19, 0, 6, 142.40, 464986, 141
2178, 12, 99, 100, 20, 0, 0.00%, 19, 0, 6, 138.65, 465704, 141
2183, 12, 99, 100, 20, 0, 0.00%, 19, 0, 6, 138.43, 466412, 141
2188, 12, 99, 100, 20, 0, 0.00%, 19, 0, 6, 134.34, 467104, 141
2194, 12, 69, 100, 20, 0, 0.00%, 19, 0, 6, 134.48, 467800, 141
2199, 12, 46, 100, 20, 0, 0.00%, 19, 0, 6, 135.70, 468516, 141
2204, 12, 57, 100, 20, 0, 0.00%, 19, 0, 6, 136.78, 469220, 141
2209, 13, 88, 100, 20, 0, 0.00%, 19, 0, 6, 141.58, 469951, 141
2214, 13, 22, 100, 20, 0, 0.00%, 19, 0, 6, 158.01, 470748, 141
2219, 13, 22, 100, 20, 0, 0.00%, 19, 0, 6, 177.60, 471696, 141
2224, 13, 22, 100, 20, 0, 0.00%, 19, 0, 6, 163.33, 472525, 141
2229, 13, 15, 100, 19, 0, 0.00%, 19, 0, 6, 167.73, 473362, 141
2235, 13, 88, 100, 18, 0, 0.00%, 19, 0, 6, 149.18, 474142, 141
2240, 13, 61, 100, 18, 0, 0.00%, 19, 0, 6, 135.98, 474822, 141
2245, 13, 25, 100, 18, 0, 0.00%, 19, 0, 6, 135.31, 475515, 141
2250, 13, 46, 100, 18, 0, 0.00%, 19, 0, 6, 140.35, 476246, 141
2255, 13, 88, 100, 18, 0, 0.00%, 19, 0, 6, 142.41, 476972, 141
2260, 13, 54, 100, 18, 0, 0.00%, 19, 0, 6, 142.23, 477714, 141
2265, 13, 69, 100, 18, 0, 0.00%, 19, 0, 6, 140.90, 478425, 141
2271, 13, 80, 100, 18, 0, 0.00%, 19, 0, 6, 134.65, 479135, 141
2276, 13, 22, 100, 18, 0, 0.00%, 19, 0, 6, 136.15, 479842, 141
2281, 13, 53, 100, 18, 0, 0.00%, 19, 0, 6, 134.31, 480534, 141
2286, 13, 99, 100, 18, 0, 0.00%, 19, 0, 6, 137.18, 481258, 141
2291, 13, 99, 100, 18, 0, 0.00%, 19, 0, 6, 138.71, 481980, 141
2296, 13, 99, 100, 18, 0, 0.00%, 19, 0, 6, 138.32, 482700, 141
2302, 13, 99, 100, 18, 0, 0.00%, 19, 0, 6, 143.63, 483459, 141
2307, 13, 13, 100, 18, 0, 0.00%, 19, 0, 6, 137.83, 484164, 141
2312, 13, 66, 100, 18, 0, 0.00%, 19, 0, 6, 137.32, 484874, 141
2317, 13, 54, 100, 18, 0, 0.00%, 19, 0, 6, 137.81, 485579, 141
2322, 13, 53, 100, 18, 0, 0.00%, 19, 0, 6, 139.29, 486306, 141
2327, 13, 88, 100, 18, 0, 0.00%, 19, 0, 6, 134.42, 486997, 141
2332, 13, 99, 100, 18, 0, 0.00%, 19, 0, 6, 137.39, 487710, 141
2338, 13, 53, 100, 18, 0, 0.00%, 19, 0, 6, 137.98, 488420, 141
2343, 13, 88, 100, 18, 0, 0.00%, 19, 0, 6, 136.70, 489129, 141
2348, 13, 40, 100, 18, 0, 0.00%, 19, 0, 6, 136.74, 489831, 141
2353, 13, 84, 100, 18, 0, 0.00%, 19, 0, 6, 137.86, 490542, 141
2358, 13, 80, 100, 18, 0, 0.00%, 19, 0, 6, 135.86, 491252, 141
2363, 13, 46, 100, 18, 0, 0.00%, 19, 0, 6, 137.90, 491964, 141
2369, 13, 80, 100, 18, 0, 0.00%, 19, 0, 6, 136.51, 492677, 141
2374, 13, 2, 100, 18, 0, 0.00%, 19, 0, 6, 129.56, 493332, 141
2379, 13, 99, 100, 18, 0, 0.00%, 19, 0, 6, 137.25, 494042, 141
2384, 13, 54, 100, 18, 0, 0.00%, 19, 0, 6, 140.47, 494768, 141
2389, 13, 69, 100, 18, 0, 0.00%, 19, 0, 6, 142.92, 495489, 141
2394, 13, 25, 100, 18, 0, 0.00%, 19, 0, 6, 140.81, 496217, 141
2399, 13, 73, 100, 18, 0, 0.00%, 19, 0, 6, 138.09, 496924, 141
2405, 13, 54, 100, 18, 0, 0.00%, 19, 0, 6, 142.98, 497665, 141
2410, 13, 85, 100, 18, 0, 0.00%, 19, 0, 6, 150.23, 498445, 141
2415, 13, 54, 100, 18, 0, 0.00%, 19, 0, 6, 140.75, 499161, 141
2420, 13, 73, 100, 18, 0, 0.00%, 19, 0, 6, 138.93, 499875, 141
2425, 14, 18, 100, 18, 0, 0.00%, 19, 0, 6, 134.22, 500585, 141
2430, 14, 18, 100, 18, 0, 0.00%, 19, 0, 6, 126.92, 501233, 141
2436, 14, 18, 100, 18, 0, 0.00%, 19, 0, 6, 112.21, 501781, 141
2441, 14, 18, 100, 18, 0, 0.00%, 19, 0, 6, 112.65, 502328, 141
2446, 14, 62, 100, 17, 0, 0.00%, 19, 0, 6, 134.91, 503059, 141
2451, 14, 80, 100, 17, 0, 0.00%, 19, 0, 6, 138.28, 503776, 141
2456, 14, 20, 100, 17, 0, 0.00%, 19, 0, 6, 134.41, 504447, 141
2461, 14, 86, 100, 17, 0, 0.00%, 19, 0, 6, 135.28, 505152, 141
2466, 14, 54, 100, 17, 0, 0.00%, 19, 0, 6, 141.26, 505880, 141
2471, 14, 67, 100, 17, 0, 0.00%, 19, 0, 6, 136.61, 506579, 141
2476, 14, 84, 100, 17, 0, 0.00%, 19, 0, 6, 134.32, 507264, 141
2482, 14, 66, 100, 17, 0, 0.00%, 19, 0, 6, 142.44, 508021, 141
2487, 14, 40, 100, 17, 0, 0.00%, 19, 0, 6, 137.95, 508724, 141
2492, 14, 69, 100, 17, 0, 0.00%, 19, 0, 6, 146.01, 509486, 141
2497, 14, 40, 100, 17, 0, 0.00%, 19, 0, 6, 139.16, 510196, 141
2502, 14, 99, 100, 17, 0, 0.00%, 19, 0, 6, 139.38, 510915, 141
2507, 14, 88, 100, 17, 0, 0.00%, 19, 0, 6, 139.12, 511634, 141
2513, 14, 99, 100, 17, 0, 0.00%, 19, 0, 6, 138.32, 512355, 141
2518, 14, 54, 100, 17, 0, 0.00%, 19, 0, 6, 140.07, 513080, 141
2523, 14, 85, 100, 17, 0, 0.00%, 19, 0, 6, 145.99, 513837, 141
2528, 14, 25, 100, 17, 0, 0.00%, 19, 0, 6, 142.45, 514584, 141
2533, 14, 54, 100, 17, 0, 0.00%, 19, 0, 6, 147.08, 515341, 141
2538, 14, 80, 100, 17, 0, 0.00%, 19, 0, 6, 136.33, 516027, 141
2544, 14, 28, 100, 17, 0, 0.00%, 19, 0, 6, 140.98, 516775, 141
2549, 14, 88, 100, 17, 0, 0.00%, 19, 0, 6, 144.22, 517527, 141
2554, 14, 99, 100, 17, 0, 0.00%, 19, 0, 6, 139.00, 518236, 141
2559, 14, 69, 100, 17, 0, 0.00%, 19, 0, 6, 142.85, 518961, 141
2564, 14, 25, 100, 17, 0, 0.00%, 19, 0, 6, 141.90, 519700, 141
2569, 14, 66, 100, 17, 0, 0.00%, 19, 0, 6, 142.10, 520429, 141
2575, 14, 19, 100, 17, 0, 0.00%, 19, 0, 6, 162.85, 521276, 141
2580, 14, 19, 100, 17, 0, 0.00%, 19, 0, 6, 151.57, 522071, 141
2585, 14, 99, 100, 16, 0, 0.00%, 19, 0, 6, 146.06, 522822, 141
2590, 14, 73, 100, 16, 0, 0.00%, 19, 0, 6, 146.51, 523579, 141
2595, 14, 46, 100, 16, 0, 0.00%, 19, 0, 6, 138.68, 524296, 141
2600, 14, 61, 100, 16, 0, 0.00%, 19, 0, 6, 133.89, 524978, 141
2606, 14, 99, 100, 16, 0, 0.00%, 19, 0, 6, 141.81, 525727, 141
2611, 14, 81, 100, 16, 0, 0.00%, 19, 0, 6, 157.76, 526515, 141
2616, 14, 81, 100, 16, 0, 0.00%, 19, 0, 6, 173.30, 527439, 141
2621, 14, 54, 100, 15, 0, 0.00%, 19, 0, 6, 146.14, 528142, 141
2626, 14, 54, 100, 15, 0, 0.00%, 19, 0, 6, 142.66, 528876, 141
2631, 14, 40, 100, 15, 0, 0.00%, 19, 0, 6, 149.84, 529660, 141
2636, 14, 53, 100, 15, 0, 0.00%, 19, 0, 6, 140.49, 530385, 141
2642, 14, 69, 100, 15, 0, 0.00%, 19, 0, 6, 144.70, 531127, 141
2647, 15, 66, 100, 15, 0, 0.00%, 19, 0, 6, 145.76, 531866, 141
2652, 15, 85, 100, 15, 0, 0.00%, 19, 0, 6, 145.20, 532609, 141
2657, 15, 47, 100, 15, 0, 0.00%, 19, 0, 6, 141.04, 533356, 141
2662, 15, 46, 100, 15, 0, 0.00%, 19, 0, 6, 136.11, 534060, 141
2667, 15, 2, 100, 15, 0, 0.00%, 19, 0, 6, 136.66, 534775, 141
2672, 15, 54, 100, 15, 0, 0.00%, 19, 0, 6, 138.93, 535490, 141
2678, 15, 2, 100, 15, 0, 0.00%, 19, 0, 6, 142.87, 536238, 141
2683, 15, 54, 100, 15, 0, 0.00%, 19, 0, 6, 139.63, 536953, 141
2688, 15, 25, 100, 15, 0, 0.00%, 19, 0, 6, 141.37, 537696, 141
2693, 15, 37, 100, 15, 0, 0.00%, 19, 0, 6, 141.07, 538415, 141
2698, 15, 61, 100, 14, 0, 0.00%, 19, 0, 6, 139.27, 539133, 141
2703, 15, 57, 100, 14, 0, 0.00%, 19, 0, 6, 140.59, 539863, 141
2709, 15, 66, 100, 14, 0, 0.00%, 19, 0, 6, 145.18, 540620, 141
2714, 15, 25, 100, 14, 0, 0.00%, 19, 0, 6, 147.30, 541366, 141
2719, 15, 69, 100, 14, 0, 0.00%, 19, 0, 6, 145.02, 542096, 141
2724, 15, 99, 100, 14, 0, 0.00%, 19, 0, 6, 142.77, 542849, 141
2729, 15, 99, 100, 14, 0, 0.00%, 19, 0, 6, 139.06, 543564, 141
2734, 15, 88, 100, 14, 0, 0.00%, 19, 0, 6, 139.92, 544279, 141
2740, 15, 54, 100, 14, 0, 0.00%, 19, 0, 6, 144.61, 545022, 141
2745, 15, 69, 100, 14, 0, 0.00%, 19, 0, 6, 148.93, 545778, 141
2750, 15, 46, 100, 14, 0, 0.00%, 19, 0, 6, 142.25, 546502, 141
2755, 15, 4, 100, 14, 0, 0.00%, 19, 0, 6, 160.09, 547320, 141
2760, 15, 4, 100, 14, 0, 0.00%, 19, 0, 6, 181.54, 548280, 141
2765, 15, 4, 100, 14, 0, 0.00%, 19, 0, 6, 166.15, 549130, 141
2770, 15, 69, 100, 13, 0, 0.00%, 19, 0, 6, 151.55, 549866, 141
2775, 15, 46, 100, 13, 0, 0.00%, 19, 0, 6, 145.24, 550600, 141
2780, 15, 47, 100, 13, 0, 0.00%, 19, 0, 6, 141.46, 551328, 141
2785, 15, 69, 100, 13, 0, 0.00%, 19, 0, 6, 142.37, 552051, 141
2791, 15, 69, 100, 13, 0, 0.00%, 19, 0, 6, 143.85, 552787, 141
2796, 15, 40, 100, 13, 0, 0.00%, 19, 0, 6, 151.04, 553593, 141
2801, 15, 28, 100, 13, 0, 0.00%, 19, 0, 6, 142.92, 554328, 141
2806, 15, 84, 100, 13, 0, 0.00%, 19, 0, 6, 141.68, 555054, 141
2811, 15, 69, 100, 13, 0, 0.00%, 19, 0, 6, 143.93, 555793, 141
2816, 15, 99, 100, 13, 0, 0.00%, 19, 0, 6, 141.26, 556525, 141
2822, 15, 47, 100, 13, 0, 0.00%, 19, 0, 6, 137.52, 557230, 141
2827, 16, 69, 100, 13, 0, 0.00%, 19, 0, 6, 140.26, 557946, 141
2832, 16, 69, 100, 13, 0, 0.00%, 19, 0, 6, 148.02, 558714, 141
2837, 16, 48, 100, 13, 0, 0.00%, 19, 0, 6, 147.01, 559456, 141
2842, 16, 48, 100, 13, 0, 0.00%, 19, 0, 6, 170.94, 560373, 141
2847, 16, 47, 100, 12, 0, 0.00%, 19, 0, 6, 147.53, 561124, 141
2853, 16, 88, 100, 12, 0, 0.00%, 19, 0, 6, 143.85, 561858, 141
2858, 16, 25, 100, 12, 0, 0.00%, 19, 0, 6, 146.01, 562608, 141
2863, 16, 85, 100, 12, 0, 0.00%, 19, 0, 6, 149.00, 563362, 141
2868, 16, 64, 100, 12, 0, 0.00%, 19, 0, 6, 144.90, 564118, 141
2873, 16, 61, 100, 12, 0, 0.00%, 19, 0, 6, 142.32, 564844, 141
2878, 16, 81, 101, 13, 0, 0.00%, 19, 0, 6, 146.69, 565600, 141
2883, 16, 69, 101, 13, 0, 0.00%, 19, 0, 6, 144.52, 566331, 141
2889, 16, 62, 101, 13, 0, 0.00%, 19, 0, 6, 141.77, 567068, 141
2894, 16, 85, 101, 13, 0, 0.00%, 19, 0, 6, 144.85, 567801, 141
2899, 16, 81, 101, 13, 0, 0.00%, 19, 0, 6, 139.14, 568514, 141
2904, 16, 54, 101, 13, 0, 0.00%, 19, 0, 6, 145.46, 569256, 141
2909, 16, 81, 101, 13, 0, 0.00%, 19, 0, 6, 137.95, 569963, 141
2914, 16, 99, 101, 13, 0, 0.00%, 19, 0, 6, 141.62, 570693, 141
2920, 16, 85, 101, 13, 0, 0.00%, 19, 0, 6, 146.21, 571447, 141
2925, 16, 69, 101, 13, 0, 0.00%, 19, 0, 6, 142.87, 572174, 141
2930, 16, 85, 101, 13, 0, 0.00%, 19, 0, 6, 142.65, 572908, 141
2935, 16, 54, 101, 13, 0, 0.00%, 19, 0, 6, 139.12, 573618, 141
2940, 16, 70, 101, 13, 0, 0.00%, 19, 0, 6, 138.01, 574331, 141
2945, 16, 54, 101, 13, 0, 0.00%, 19, 0, 6, 137.51, 575039, 141
2950, 16, 46, 101, 13, 0, 0.00%, 19, 0, 6, 136.38, 575746, 141
2956, 16, 25, 101, 13, 0, 0.00%, 19, 0, 6, 142.14, 576487, 141
2961, 16, 54, 101, 13, 0, 0.00%, 19, 0, 6, 142.28, 577214, 141
2966, 16, 25, 101, 13, 0, 0.00%, 19, 0, 6, 143.59, 577944, 141
2971, 16, 81, 101, 13, 0, 0.00%, 19, 0, 6, 136.32, 578642, 141
2976, 16, 66, 101, 13, 0, 0.00%, 19, 0, 6, 143.13, 579373, 141
2981, 16, 69, 101, 13, 0, 0.00%, 19, 0, 6, 142.57, 580096, 141
2987, 16, 81, 101, 13, 0, 0.00%, 19, 0, 6, 138.33, 580812, 141
2992, 16, 54, 101, 13, 0, 0.00%, 19, 0, 6, 137.22, 581510, 141
2997, 16, 40, 101, 13, 0, 0.00%, 19, 0, 6, 142.60, 582252, 141
3002, 16, 46, 101, 13, 0, 0.00%, 19, 0, 6, 138.61, 582962, 141
3007, 16, 69, 101, 13, 0, 0.00%, 19, 0, 6, 143.42, 583703, 141
3012, 17, 57, 101, 13, 0, 0.00%, 19, 0, 6, 143.12, 584455, 141
3017, 17, 28, 101, 13, 0, 0.00%, 19, 0, 6, 139.12, 585181, 141
3023, 17, 2, 101, 13, 0, 0.00%, 19, 0, 6, 135.71, 585879, 141
3028, 17, 85, 101, 13, 0, 0.00%, 19, 0, 6, 137.94, 586586, 141
3033, 17, 69, 101, 13, 0, 0.00%, 19, 0, 6, 137.97, 587301, 141
3038, 17, 54, 101, 13, 0, 0.00%, 19, 0, 6, 138.89, 588017, 141
3043, 17, 61, 101, 13, 0, 0.00%, 19, 0, 6, 137.90, 588728, 141
3048, 17, 69, 101, 13, 0, 0.00%, 19, 0, 6, 145.52, 589471, 141
3053, 17, 53, 101, 13, 0, 0.00%, 19, 0, 6, 138.54, 590192, 141
3059, 17, 69, 101, 13, 0, 0.00%, 19, 0, 6, 139.94, 590909, 141
3064, 17, 54, 101, 13, 0, 0.00%, 19, 0, 6, 142.13, 591660, 141
3069, 17, 54, 101, 13, 0, 0.00%, 19, 0, 6, 136.84, 592348, 141
3074, 17, 66, 101, 13, 0, 0.00%, 19, 0, 6, 134.89, 593048, 141
3079, 17, 2, 101, 13, 0, 0.00%, 19, 0, 6, 137.43, 593765, 141
3084, 17, 47, 101, 13, 0, 0.00%, 19, 0, 6, 140.30, 594502, 141
3090, 17, 69, 101, 13, 0, 0.00%, 19, 0, 6, 145.22, 595240, 141
3095, 17, 13, 101, 13, 0, 0.00%, 19, 0, 6, 137.48, 595940, 141
3100, 17, 69, 101, 13, 0, 0.00%, 19, 0, 6, 148.98, 596709, 141
3105, 17, 69, 101, 13, 0, 0.00%, 19, 0, 6, 151.30, 597475, 141
3110, 17, 69, 101, 13, 0, 0.00%, 19, 0, 6, 154.19, 598252, 141
3115, 17, 53, 101, 13, 0, 0.00%, 19, 0, 6, 140.06, 598977, 141
3120, 17, 69, 101, 13, 0, 0.00%, 19, 0, 6, 147.84, 599727, 141
3125, 17, 69, 101, 13, 0, 0.00%, 19, 0, 6, 142.03, 600454, 141
3131, 17, 53, 101, 13, 0, 0.00%, 19, 0, 6, 140.53, 601190, 141
3136, 17, 88, 101, 13, 0, 0.00%, 19, 0, 6, 137.63, 601904, 141
3141, 17, 54, 101, 13, 0, 0.00%, 19, 0, 6, 136.07, 602582, 141
3146, 17, 69, 101, 13, 0, 0.00%, 19, 0, 6, 137.86, 603297, 141
3151, 17, 66, 101, 13, 0, 0.00%, 19, 0, 6, 143.03, 604039, 141
3156, 17, 81, 101, 13, 0, 0.00%, 19, 0, 6, 137.41, 604739, 141
3161, 17, 54, 101, 13, 0, 0.00%, 19, 0, 6, 137.17, 605446, 141
3167, 17, 30, 101, 13, 0, 0.00%, 19, 0, 6, 137.65, 606163, 141
3172, 17, 69, 101, 13, 0, 0.00%, 19, 0, 6, 146.32, 606918, 141
3177, 17, 57, 101, 13, 0, 0.00%, 19, 0, 6, 146.23, 607687, 141
3182, 17, 100, 101, 13, 0, 0.00%, 19, 0, 6, 166.22, 608575, 141
3187, 17, 100, 102, 14, 0, 0.00%, 19, 0, 7, 139.86, 609282, 141
3192, 17, 100, 102, 14, 0, 0.00%, 19, 0, 7, 123.63, 609918, 141
3198, 17, 69, 102, 13, 0, 0.00%, 19, 0, 7, 141.75, 610649, 141
3203, 17, 64, 102, 13, 0, 0.00%, 19, 0, 7, 138.58, 611359, 141
3208, 18, 66, 102, 13, 0, 0.00%, 19, 0, 7, 145.91, 612105, 141
3213, 18, 88, 102, 13, 0, 0.00%, 19, 0, 7, 145.20, 612860, 141
3218, 18, 69, 102, 13, 0, 0.00%, 19, 0, 7, 144.56, 613601, 141
3223, 18, 25, 102, 13, 0, 0.00%, 19, 0, 7, 141.42, 614331, 141
3228, 18, 53, 102, 13, 0, 0.00%, 19, 0, 7, 135.92, 615024, 141
3234, 18, 13, 102, 13, 0, 0.00%, 19, 0, 7, 137.91, 615732, 141
3239, 18, 62, 102, 13, 0, 0.00%, 19, 0, 7, 137.74, 616453, 141
3244, 18, 66, 102, 13, 0, 0.00%, 19, 0, 7, 138.44, 617178, 141
3249, 18, 81, 102, 13, 0, 0.00%, 19, 0, 7, 140.50, 617908, 141
3254, 18, 66, 102, 13, 0, 0.00%, 19, 0, 7, 128.92, 618583, 141
3259, 18, 69, 102, 13, 0, 0.00%, 19, 0, 7, 137.18, 619291, 141
3265, 18, 40, 102, 13, 0, 0.00%, 19, 0, 7, 139.56, 620015, 141
3270, 18, 66, 102, 13, 0, 0.00%, 19, 0, 7, 138.33, 620719, 141
3275, 18, 81, 102, 13, 0, 0.00%, 19, 0, 7, 146.68, 621476, 141
3280, 18, 69, 102, 13, 0, 0.00%, 19, 0, 7, 142.01, 622193, 141
3285, 18, 81, 102, 13, 0, 0.00%, 19, 0, 7, 138.32, 622911, 141
3290, 18, 61, 102, 13, 0, 0.00%, 19, 0, 7, 144.39, 623648, 141
3295, 18, 40, 102, 13, 0, 0.00%, 19, 0, 7, 145.47, 624409, 141
3301, 18, 66, 102, 13, 0, 0.00%, 19, 0, 7, 141.75, 625144, 141
3306, 18, 69, 102, 13, 0, 0.00%, 19, 0, 7, 142.50, 625871, 141
3311, 18, 88, 102, 13, 0, 0.00%, 19, 0, 7, 137.05, 626589, 141
3316, 18, 69, 102, 13, 0, 0.00%, 19, 0, 7, 147.50, 627339, 141
3321, 18, 88, 102, 13, 0, 0.00%, 19, 0, 7, 160.52, 628148, 141
3326, 18, 66, 102, 13, 0, 0.00%, 19, 0, 7, 173.87, 629075, 141
3331, 18, 54, 102, 13, 0, 0.00%, 19, 0, 7, 173.01, 629937, 141
3337, 18, 40, 102, 13, 0, 0.00%, 19, 0, 7, 173.97, 630852, 141
3342, 18, 25, 102, 13, 0, 0.00%, 19, 0, 7, 174.64, 631769, 141
3347, 18, 88, 102, 13, 0, 0.00%, 19, 0, 7, 170.40, 632621, 141
3352, 18, 64, 102, 13, 0, 0.00%, 19, 0, 7, 170.72, 633503, 141
3357, 18, 85, 102, 13, 0, 0.00%, 19, 0, 7, 175.47, 634401, 141
3362, 18, 66, 102, 13, 0, 0.00%, 19, 0, 7, 171.26, 635285, 141
3368, 18, 66, 102, 13, 0, 0.00%, 19, 0, 7, 175.31, 636198, 141
3373, 19, 81, 102, 13, 0, 0.00%, 19, 0, 7, 168.22, 637037, 141
3378, 19, 69, 102, 13, 0, 0.00%, 19, 0, 7, 179.83, 637956, 141
3383, 19, 69, 102, 13, 0, 0.00%, 19, 0, 7, 183.10, 638848, 141
3388, 19, 61, 102, 13, 0, 0.00%, 19, 0, 7, 194.33, 639935, 141
3393, 19, 81, 102, 13, 0, 0.00%, 19, 0, 7, 174.41, 640782, 141
3398, 19, 81, 102, 13, 0, 0.00%, 19, 0, 7, 168.62, 641648, 141
3403, 19, 96, 102, 13, 0, 0.00%, 19, 0, 7, 197.66, 642656, 141
3408, 19, 62, 102, 12, 0, 0.00%, 19, 0, 7, 193.21, 643673, 141
3414, 19, 88, 102, 12, 0, 0.00%, 19, 0, 7, 182.51, 644605, 141
3419, 19, 2, 102, 12, 0, 0.00%, 19, 0, 7, 171.93, 645446, 141
3424, 19, 40, 102, 12, 0, 0.00%, 19, 0, 7, 176.00, 646359, 141
3429, 19, 81, 102, 12, 0, 0.00%, 19, 0, 7, 175.09, 647268, 141
3434, 19, 69, 102, 12, 0, 0.00%, 19, 0, 7, 179.67, 648180, 141
3439, 19, 2, 102, 12, 0, 0.00%, 19, 0, 7, 175.87, 649081, 141
3444, 19, 88, 102, 12, 0, 0.00%, 19, 0, 7, 176.37, 650002, 141
3449, 19, 69, 102, 12, 0, 0.00%, 19, 0, 7, 177.45, 650897, 141
3455, 19, 101, 102, 12, 0, 0.00%, 19, 0, 7, 243.73, 652185, 141
3460, 19, 101, 102, 12, 0, 0.00%, 19, 0, 7, 238.89, 653424, 141
3465, 19, 66, 102, 11, 0, 0.00%, 19, 0, 7, 233.10, 654585, 141
3470, 19, 28, 102, 11, 0, 0.00%, 19, 0, 7, 225.65, 655708, 141
3475, 19, 88, 102, 11, 0, 0.00%, 19, 0, 7, 220.84, 656850, 141
3480, 19, 66, 102, 11, 0, 0.00%, 19, 0, 7, 229.24, 657999, 141
3485, 19, 28, 102, 11, 0, 0.00%, 19, 0, 7, 227.83, 659198, 141
3490, 19, 25, 102, 11, 0, 0.00%, 19, 0, 7, 230.43, 660424, 141
3495, 19, 99, 102, 11, 0, 0.00%, 19, 0, 7, 229.34, 661564, 141
3500, 19, 40, 102, 11, 0, 0.00%, 19, 0, 7, 225.37, 662736, 141
3506, 19, 40, 102, 11, 0, 0.00%, 19, 0, 7, 229.20, 663940, 141
3511, 19, 46, 102, 11, 0, 0.00%, 19, 0, 7, 186.13, 664853, 141
3516, 20, 2, 102, 11, 0, 0.00%, 19, 0, 7, 181.83, 665786, 141
3521, 20, 85, 102, 11, 0, 0.00%, 19, 0, 7, 186.76, 666741, 141
3526, 20, 66, 102, 11, 0, 0.00%, 19, 0, 7, 179.47, 667657, 141
3531, 20, 69, 102, 11, 0, 0.00%, 19, 0, 7, 188.24, 668624, 141
3537, 20, 84, 102, 11, 0, 0.00%, 19, 0, 7, 184.36, 669562, 141
3542, 20, 55, 102, 11, 0, 0.00%, 19, 0, 7, 200.86, 670580, 141
3547, 20, 81, 102, 10, 0, 0.00%, 19, 0, 7, 194.46, 671633, 141
3552, 20, 66, 102, 10, 0, 0.00%, 19, 0, 7, 187.31, 672578, 141
3557, 20, 69, 102, 10, 0, 0.00%, 19, 0, 7, 186.90, 673536, 141
3562, 20, 40, 102, 10, 0, 0.00%, 19, 0, 7, 182.76, 674480, 141
3568, 20, 69, 102, 10, 0, 0.00%, 19, 0, 7, 187.10, 675434, 141
3573, 20, 53, 102, 10, 0, 0.00%, 19, 0, 7, 218.33, 676592, 141
3578, 20, 88, 102, 10, 0, 0.00%, 19, 0, 7, 222.83, 677726, 141
3583, 20, 81, 102, 10, 0, 0.00%, 19, 0, 7, 225.01, 678906, 141
3588, 20, 65, 102, 10, 0, 0.00%, 19, 0, 7, 229.64, 680099, 141
3593, 20, 54, 102, 10, 0, 0.00%, 19, 0, 7, 228.27, 681278, 141
3598, 20, 99, 102, 10, 0, 0.00%, 19, 0, 7, 237.10, 682533, 141
3604, 20, 25, 102, 10, 0, 0.00%, 19, 0, 7, 228.29, 683713, 141
3609, 20, 69, 102, 10, 0, 0.00%, 19, 0, 7, 230.64, 684905, 141
3614, 20, 40, 102, 10, 0, 0.00%, 19, 0, 7, 234.58, 686125, 141
3619, 20, 85, 102, 10, 0, 0.00%, 19, 0, 7, 243.59, 687375, 141
3624, 20, 62, 102, 10, 0, 0.00%, 19, 0, 7, 238.78, 688622, 141
3629, 20, 25, 102, 10, 0, 0.00%, 19, 0, 7, 198.13, 689601, 141
3635, 20, 40, 102, 10, 0, 0.00%, 19, 0, 7, 180.48, 690527, 141
3640, 21, 69, 102, 10, 0, 0.00%, 19, 0, 7, 179.36, 691410, 141
3645, 21, 57, 102, 10, 0, 0.00%, 19, 0, 7, 178.61, 692338, 141
3650, 21, 54, 102, 10, 0, 0.00%, 19, 0, 7, 180.16, 693274, 141
3655, 21, 85, 102, 10, 0, 0.00%, 19, 0, 7, 184.32, 694220, 141
3660, 21, 81, 102, 10, 0, 0.00%, 19, 0, 7, 182.33, 695182, 141
3665, 21, 25, 102, 10, 0, 0.00%, 19, 0, 7, 181.34, 696119, 141
3671, 21, 54, 102, 10, 0, 0.00%, 19, 0, 7, 191.19, 697127, 141
3676, 21, 40, 102, 10, 0, 0.00%, 19, 0, 7, 182.57, 698055, 141
3681, 21, 62, 102, 10, 0, 0.00%, 19, 0, 7, 185.93, 699019, 141
3686, 21, 66, 102, 10, 0, 0.00%, 19, 0, 7, 177.91, 699932, 141
3691, 21, 28, 102, 10, 0, 0.00%, 19, 0, 7, 198.40, 700942, 141
3697, 21, 47, 102, 10, 0, 0.00%, 19, 0, 7, 223.64, 702127, 141
3702, 21, 54, 102, 10, 0, 0.00%, 19, 0, 7, 224.53, 703294, 141
3707, 21, 65, 102, 10, 0, 0.00%, 19, 0, 7, 227.04, 704476, 141
3712, 21, 66, 102, 10, 0, 0.00%, 19, 0, 7, 238.20, 705698, 141
3717, 21, 25, 102, 10, 0, 0.00%, 19, 0, 7, 228.12, 706858, 141
3722, 21, 28, 102, 10, 0, 0.00%, 19, 0, 7, 230.40, 708056, 141
3727, 21, 89, 102, 10, 0, 0.00%, 19, 0, 7, 260.00, 709456, 141
3733, 21, 40, 102, 9, 0, 0.00%, 19, 0, 7, 192.90, 710339, 141
3738, 21, 54, 102, 9, 0, 0.00%, 19, 0, 7, 217.97, 711496, 141
3743, 21, 69, 102, 9, 0, 0.00%, 19, 0, 7, 237.26, 712736, 141
3748, 21, 66, 102, 9, 0, 0.00%, 19, 0, 7, 222.26, 713926, 141
3753, 21, 84, 102, 9, 0, 0.00%, 19, 0, 7, 201.19, 714901, 141
3758, 21, 69, 102, 9, 0, 0.00%, 19, 0, 7, 201.26, 715937, 141
3763, 22, 25, 102, 9, 0, 0.00%, 19, 0, 7, 206.72, 716978, 141
3768, 22, 85, 102, 9, 0, 0.00%, 19, 0, 7, 207.46, 718032, 141
3774, 22, 99, 102, 9, 0, 0.00%, 19, 0, 7, 202.88, 719085, 141
3779, 22, 46, 102, 9, 0, 0.00%, 19, 0, 7, 202.34, 720107, 141
3784, 22, 2, 102, 9, 0, 0.00%, 19, 0, 7, 208.17, 721191, 141
3789, 22, 25, 102, 9, 0, 0.00%, 19, 0, 7, 212.82, 722304, 141
3794, 22, 62, 102, 9, 0, 0.00%, 19, 0, 7, 207.81, 723338, 141
3799, 22, 84, 102, 9, 0, 0.00%, 19, 0, 7, 210.64, 724399, 141
3804, 22, 69, 102, 9, 0, 0.00%, 19, 0, 7, 213.27, 725492, 141
3810, 22, 53, 102, 9, 0, 0.00%, 19, 0, 7, 220.00, 726622, 141
3815, 22, 66, 102, 9, 0, 0.00%, 19, 0, 7, 228.97, 727836, 141
3820, 22, 66, 102, 9, 0, 0.00%, 19, 0, 7, 225.41, 728994, 141
3825, 22, 88, 102, 9, 0, 0.00%, 19, 0, 7, 236.23, 730233, 141
3830, 22, 88, 102, 9, 0, 0.00%, 19, 0, 7, 246.32, 731517, 141
3835, 22, 2, 102, 9, 0, 0.00%, 19, 0, 7, 239.79, 732760, 141
3841, 22, 67, 102, 9, 0, 0.00%, 19, 0, 7, 251.51, 734063, 141
3846, 22, 65, 102, 9, 0, 0.00%, 19, 0, 7, 255.96, 735396, 141
3851, 22, 66, 102, 9, 0, 0.00%, 19, 0, 7, 250.84, 736682, 141
3856, 22, 2, 102, 9, 0, 0.00%, 19, 0, 7, 238.32, 737914, 141
3861, 22, 69, 102, 9, 0, 0.00%, 19, 0, 7, 251.80, 739200, 141
3866, 22, 69, 102, 9, 0, 0.00%, 19, 0, 7, 239.27, 740452, 141
3872, 23, 84, 102, 9, 0, 0.00%, 19, 0, 7, 225.60, 741593, 141
3877, 23, 25, 102, 9, 0, 0.00%, 19, 0, 7, 212.07, 742652, 141
3882, 23, 66, 102, 9, 0, 0.00%, 19, 0, 7, 206.28, 743684, 141
3887, 23, 81, 102, 9, 0, 0.00%, 19, 0, 7, 208.36, 744782, 141
3892, 23, 53, 102, 9, 0, 0.00%, 19, 0, 7, 205.13, 745804, 141
3897, 23, 61, 102, 9, 0, 0.00%, 19, 0, 7, 207.58, 746881, 141
3902, 23, 40, 102, 9, 0, 0.00%, 19, 0, 7, 209.03, 747944, 141
3907, 23, 61, 102, 9, 0, 0.00%, 19, 0, 7, 209.32, 748995, 141
3912, 23, 69, 102, 9, 0, 0.00%, 19, 0, 7, 217.51, 750114, 141
3917, 23, 57, 102, 9, 0, 0.00%, 19, 0, 7, 214.18, 751230, 141
3923, 23, 46, 102, 9, 0, 0.00%, 19, 0, 7, 192.29, 752200, 141
3928, 23, 28, 102, 9, 0, 0.00%, 19, 0, 7, 190.73, 753193, 141
3933, 23, 83, 102, 9, 0, 0.00%, 19, 0, 7, 218.45, 754352, 141
3938, 23, 25, 102, 9, 0, 0.00%, 19, 0, 7, 224.51, 755476, 141
3943, 23, 47, 102, 9, 0, 0.00%, 19, 0, 7, 232.33, 756679, 141
3948, 23, 69, 102, 9, 0, 0.00%, 19, 0, 7, 241.81, 757916, 141
3953, 23, 69, 102, 9, 0, 0.00%, 19, 0, 7, 231.79, 759099, 141
3959, 23, 69, 102, 9, 0, 0.00%, 19, 0, 7, 232.64, 760289, 141
3964, 23, 88, 102, 9, 0, 0.00%, 19, 0, 7, 222.15, 761399, 141
3969, 23, 2, 102, 9, 0, 0.00%, 19, 0, 7, 224.57, 762563, 141
3974, 23, 54, 102, 9, 0, 0.00%, 19, 0, 7, 223.18, 763710, 141
3979, 23, 57, 102, 9, 0, 0.00%, 19, 0, 7, 234.59, 764945, 141
3984, 23, 66, 102, 9, 0, 0.00%, 19, 0, 7, 226.63, 766107, 141
3989, 24, 69, 102, 9, 0, 0.00%, 19, 0, 7, 202.55, 767121, 141
3995, 24, 79, 102, 9, 0, 0.00%, 19, 0, 7, 203.54, 768159, 141
4000, 24, 69, 102, 9, 0, 0.00%, 19, 0, 7, 202.07, 769198, 141
4005, 24, 90, 102, 9, 0, 0.00%, 19, 0, 7, 236.56, 770399, 141
4010, 24, 99, 102, 8, 0, 0.00%, 19, 0, 7, 212.09, 771437, 141
4015, 24, 81, 102, 8, 0, 0.00%, 19, 0, 7, 210.34, 772527, 141
4020, 24, 65, 102, 8, 0, 0.00%, 19, 0, 7, 212.13, 773593, 141
4025, 24, 53, 102, 8, 0, 0.00%, 19, 0, 7, 207.08, 774670, 141
4030, 24, 66, 102, 8, 0, 0.00%, 19, 0, 7, 215.46, 775797, 141
4035, 24, 69, 102, 8, 0, 0.00%, 19, 0, 7, 219.37, 776910, 141
4041, 24, 54, 102, 8, 0, 0.00%, 19, 0, 7, 214.45, 778029, 141
4046, 24, 44, 102, 8, 0, 0.00%, 19, 0, 7, 237.61, 779313, 141
4051, 24, 54, 102, 7, 0, 0.00%, 19, 0, 7, 222.23, 780412, 141
4056, 24, 2, 102, 7, 0, 0.00%, 19, 0, 7, 233.97, 781638, 141
4061, 24, 66, 102, 7, 0, 0.00%, 19, 0, 7, 234.99, 782858, 141
4066, 24, 99, 102, 7, 0, 0.00%, 19, 0, 7, 245.83, 784156, 141
4072, 24, 25, 102, 7, 0, 0.00%, 19, 0, 7, 244.24, 785408, 141
4077, 24, 62, 102, 7, 0, 0.00%, 19, 0, 7, 234.16, 786618, 141
4082, 24, 53, 102, 7, 0, 0.00%, 19, 0, 7, 250.53, 787927, 141
4087, 24, 85, 102, 7, 0, 0.00%, 19, 0, 7, 247.49, 789174, 141
4092, 24, 69, 102, 7, 0, 0.00%, 19, 0, 7, 255.64, 790484, 141
4097, 24, 81, 102, 7, 0, 0.00%, 19, 0, 7, 242.68, 791741, 141
4102, 24, 28, 102, 7, 0, 0.00%, 19, 0, 7, 247.96, 793003, 141
4108, 24, 2, 102, 7, 0, 0.00%, 19, 0, 7, 233.45, 794196, 141
4113, 24, 97, 102, 7, 0, 0.00%, 19, 0, 7, 210.06, 795243, 141
4118, 25, 46, 102, 7, 0, 0.00%, 19, 0, 7, 206.79, 796323, 141
4123, 25, 84, 102, 7, 0, 0.00%, 19, 0, 7, 216.19, 797431, 141
4128, 25, 81, 102, 7, 0, 0.00%, 19, 0, 7, 218.72, 798565, 141
4133, 25, 81, 102, 7, 0, 0.00%, 19, 0, 7, 211.52, 799613, 141
4138, 25, 99, 102, 7, 0, 0.00%, 19, 0, 7, 208.20, 800676, 141
4144, 25, 69, 102, 7, 0, 0.00%, 19, 0, 7, 223.10, 801838, 141
4149, 25, 66, 102, 7, 0, 0.00%, 19, 0, 7, 213.58, 802934, 141
4154, 25, 25, 102, 7, 0, 0.00%, 19, 0, 7, 212.09, 804005, 141
4159, 25, 57, 102, 7, 0, 0.00%, 19, 0, 7, 219.73, 805166, 141
4164, 25, 53, 102, 7, 0, 0.00%, 19, 0, 7, 200.18, 806127, 141
4169, 25, 66, 102, 7, 0, 0.00%, 19, 0, 7, 203.01, 807213, 141
4174, 25, 66, 102, 7, 0, 0.00%, 19, 0, 7, 219.75, 808354, 141
4179, 25, 66, 102, 7, 0, 0.00%, 19, 0, 7, 230.29, 809543, 141
4184, 25, 81, 102, 7, 0, 0.00%, 19, 0, 7, 227.56, 810687, 141
4190, 25, 25, 102, 7, 0, 0.00%, 19, 0, 7, 223.84, 811824, 141
4195, 25, 54, 102, 7, 0, 0.00%, 19, 0, 7, 218.86, 812933, 141
4200, 25, 54, 102, 7, 0, 0.00%, 19, 0, 7, 222.79, 814060, 141
4205, 25, 84, 102, 7, 0, 0.00%, 19, 0, 7, 205.74, 815097, 141
4210, 25, 54, 102, 7, 0, 0.00%, 19, 0, 7, 219.13, 816232, 141
4215, 25, 65, 102, 7, 0, 0.00%, 19, 0, 7, 227.57, 817416, 141
4221, 25, 88, 102, 7, 0, 0.00%, 19, 0, 7, 234.17, 818620, 141
4226, 25, 66, 102, 7, 0, 0.00%, 19, 0, 7, 240.10, 819857, 141
4231, 26, 81, 102, 7, 0, 0.00%, 19, 0, 7, 212.81, 820949, 141
4236, 26, 54, 102, 7, 0, 0.00%, 19, 0, 7, 205.19, 821993, 141
4241, 26, 69, 102, 7, 0, 0.00%, 19, 0, 7, 206.08, 823011, 141
4246, 26, 46, 102, 7, 0, 0.00%, 19, 0, 7, 207.16, 824096, 141
4251, 26, 67, 102, 7, 0, 0.00%, 19, 0, 7, 187.58, 825024, 141
4257, 26, 2, 102, 7, 0, 0.00%, 19, 0, 7, 180.90, 825952, 141
4262, 26, 99, 102, 7, 0, 0.00%, 19, 0, 7, 192.95, 826960, 141
4267, 26, 40, 102, 7, 0, 0.00%, 19, 0, 7, 186.39, 827919, 141
4272, 26, 88, 102, 7, 0, 0.00%, 19, 0, 7, 192.79, 828910, 141
4277, 26, 88, 102, 7, 0, 0.00%, 19, 0, 7, 192.63, 829900, 141
4282, 26, 25, 102, 7, 0, 0.00%, 19, 0, 7, 193.39, 830900, 141
4288, 26, 46, 102, 7, 0, 0.00%, 19, 0, 7, 198.07, 831912, 141
4293, 26, 64, 102, 7, 0, 0.00%, 19, 0, 7, 223.87, 833076, 141
4298, 26, 25, 102, 7, 0, 0.00%, 19, 0, 7, 229.52, 834275, 141
4303, 26, 69, 102, 7, 0, 0.00%, 19, 0, 7, 223.54, 835417, 141
4308, 26, 53, 102, 7, 0, 0.00%, 19, 0, 7, 221.85, 836563, 141
4313, 26, 40, 102, 7, 0, 0.00%, 19, 0, 7, 235.31, 837794, 141
4319, 26, 54, 102, 7, 0, 0.00%, 19, 0, 7, 234.64, 839003, 141
4324, 26, 54, 102, 7, 0, 0.00%, 19, 0, 7, 239.90, 840230, 141
4329, 26, 88, 102, 7, 0, 0.00%, 19, 0, 7, 242.61, 841489, 141
4334, 26, 88, 102, 7, 0, 0.00%, 19, 0, 7, 251.98, 842783, 141
4339, 26, 99, 102, 7, 0, 0.00%, 19, 0, 7, 242.36, 843979, 141
4344, 26, 25, 102, 7, 0, 0.00%, 19, 0, 7, 213.03, 845014, 141
4349, 27, 65, 102, 7, 0, 0.00%, 19, 0, 7, 194.27, 846014, 141
4354, 27, 40, 102, 7, 0, 0.00%, 19, 0, 7, 193.23, 847014, 141
4360, 27, 25, 102, 7, 0, 0.00%, 19, 0, 7, 191.17, 847981, 141
4365, 27, 85, 102, 7, 0, 0.00%, 19, 0, 7, 194.68, 848982, 141
4370, 27, 69, 102, 7, 0, 0.00%, 19, 0, 7, 186.11, 849956, 141
4375, 27, 69, 102, 7, 0, 0.00%, 19, 0, 7, 184.28, 850895, 141
4380, 27, 65, 102, 7, 0, 0.00%, 19, 0, 7, 186.35, 851850, 141
4385, 27, 92, 102, 7, 0, 0.00%, 19, 0, 7, 204.82, 852858, 141
4390, 27, 92, 102, 7, 0, 0.00%, 19, 0, 7, 206.08, 853915, 141
4395, 27, 40, 102, 6, 0, 0.00%, 19, 0, 7, 172.53, 854747, 141
4400, 27, 46, 102, 6, 0, 0.00%, 19, 0, 7, 190.18, 855741, 141
4406, 27, 99, 102, 6, 0, 0.00%, 19, 0, 7, 192.12, 856730, 141
4411, 27, 99, 102, 6, 0, 0.00%, 19, 0, 7, 213.90, 857831, 141
4416, 27, 46, 102, 6, 0, 0.00%, 19, 0, 7, 223.80, 859004, 141
4421, 27, 25, 102, 6, 0, 0.00%, 19, 0, 7, 235.11, 860246, 141
4426, 27, 13, 102, 6, 0, 0.00%, 19, 0, 7, 233.49, 861469, 141
4432, 27, 54, 102, 6, 0, 0.00%, 19, 0, 7, 228.96, 862641, 141
4437, 27, 25, 102, 6, 0, 0.00%, 19, 0, 7, 228.26, 863831, 141
4442, 27, 69, 102, 6, 0, 0.00%, 19, 0, 7, 237.92, 865051, 141
4447, 27, 69, 102, 6, 0, 0.00%, 19, 0, 7, 248.46, 866347, 141
4452, 27, 62, 102, 6, 0, 0.00%, 19, 0, 7, 237.58, 867576, 141
4457, 27, 46, 102, 6, 0, 0.00%, 19, 0, 7, 238.48, 868840, 141
4463, 27, 69, 102, 6, 0, 0.00%, 19, 0, 7, 250.98, 870126, 141
4468, 27, 66, 102, 6, 0, 0.00%, 19, 0, 7, 228.63, 871258, 141
4473, 28, 49, 102, 6, 0, 0.00%, 19, 0, 7, 205.33, 872257, 141
4478, 28, 57, 102, 6, 0, 0.00%, 19, 0, 7, 198.08, 873261, 141
4483, 28, 99, 102, 6, 0, 0.00%, 19, 0, 7, 193.39, 874248, 141
4488, 28, 99, 102, 6, 0, 0.00%, 19, 0, 7, 193.52, 875249, 141
4493, 28, 54, 102, 6, 0, 0.00%, 19, 0, 7, 192.95, 876237, 141
4498, 28, 25, 102, 6, 0, 0.00%, 19, 0, 7, 193.22, 877231, 141
4504, 28, 25, 102, 6, 0, 0.00%, 19, 0, 7, 202.44, 878296, 141
4509, 28, 57, 102, 6, 0, 0.00%, 19, 0, 7, 206.91, 879351, 141
4514, 28, 54, 102, 6, 0, 0.00%, 19, 0, 7, 197.77, 880331, 141
4519, 28, 44, 102, 6, 0, 0.00%, 19, 0, 7, 201.34, 881366, 141
4524, 28, 54, 102, 6, 0, 0.00%, 19, 0, 7, 199.74, 882363, 141
4529, 28, 54, 102, 6, 0, 0.00%, 19, 0, 7, 197.75, 883381, 141
4534, 28, 99, 102, 6, 0, 0.00%, 19, 0, 7, 228.12, 884603, 141
4539, 28, 85, 102, 6, 0, 0.00%, 19, 0, 7, 239.43, 885783, 141
4544, 28, 99, 102, 6, 0, 0.00%, 19, 0, 7, 244.08, 887046, 141
4549, 28, 46, 102, 6, 0, 0.00%, 19, 0, 7, 233.25, 888249, 141
4555, 28, 45, 102, 6, 0, 0.00%, 19, 0, 7, 271.40, 889675, 141
4560, 28, 84, 102, 5, 0, 0.00%, 19, 0, 7, 249.48, 890894, 141
4565, 28, 84, 102, 5, 0, 0.00%, 19, 0, 7, 252.27, 892150, 141
4570, 28, 69, 102, 5, 0, 0.00%, 19, 0, 7, 249.57, 893420, 141
4575, 28, 47, 102, 5, 0, 0.00%, 19, 0, 7, 238.45, 894636, 141
4580, 28, 81, 102, 4, 0, 0.00%, 19, 0, 7, 236.57, 895864, 141
4585, 28, 28, 102, 4, 0, 0.00%, 19, 0, 7, 244.14, 897116, 141
4591, 29, 81, 102, 4, 0, 0.00%, 19, 0, 7, 218.18, 898258, 141
4596, 29, 8, 102, 4, 0, 0.00%, 19, 0, 7, 198.51, 899230, 141
4601, 29, 81, 102, 4, 0, 0.00%, 19, 0, 7, 188.82, 900206, 141
4606, 29, 66, 102, 4, 0, 0.00%, 19, 0, 7, 197.09, 901242, 141
4611, 29, 85, 102, 4, 0, 0.00%, 19, 0, 7, 200.58, 902265, 141
4616, 29, 40, 102, 4, 0, 0.00%, 19, 0, 7, 203.85, 903320, 141
4621, 29, 88, 102, 4, 0, 0.00%, 19, 0, 7, 200.53, 904359, 141
4627, 29, 69, 102, 4, 0, 0.00%, 19, 0, 7, 208.08, 905427, 141
4632, 29, 25, 102, 4, 0, 0.00%, 19, 0, 7, 206.07, 906464, 141
4637, 29, 54, 102, 4, 0, 0.00%, 19, 0, 7, 204.46, 907483, 141
4642, 29, 85, 102, 4, 0, 0.00%, 19, 0, 7, 205.32, 908520, 141
4647, 29, 88, 102, 4, 0, 0.00%, 19, 0, 7, 211.45, 909637, 141
4652, 29, 25, 102, 4, 0, 0.00%, 19, 0, 7, 228.50, 910799, 141
4657, 29, 28, 102, 4, 0, 0.00%, 19, 0, 7, 241.75, 912057, 141
4662, 29, 99, 102, 4, 0, 0.00%, 19, 0, 7, 234.84, 913261, 141
4668, 29, 47, 102, 4, 0, 0.00%, 19, 0, 7, 232.35, 914470, 141
4673, 29, 66, 102, 4, 0, 0.00%, 19, 0, 7, 240.21, 915728, 141
4678, 29, 66, 102, 4, 0, 0.00%, 19, 0, 7, 249.17, 917033, 141
4683, 29, 85, 102, 4, 0, 0.00%, 19, 0, 7, 246.71, 918286, 141
4688, 29, 69, 102, 4, 0, 0.00%, 19, 0, 7, 250.16, 919567, 141
4693, 29, 40, 102, 4, 0, 0.00%, 19, 0, 7, 241.62, 920810, 141
4699, 29, 31, 102, 4, 0, 0.00%, 19, 0, 7, 274.81, 922259, 141
4704, 29, 69, 102, 3, 0, 0.00%, 19, 0, 7, 245.20, 923479, 141
4709, 29, 99, 102, 3, 0, 0.00%, 19, 0, 7, 230.62, 924661, 141
4714, 30, 13, 102, 3, 0, 0.00%, 19, 0, 7, 211.54, 925718, 141
4719, 30, 40, 102, 3, 0, 0.00%, 19, 0, 7, 204.19, 926770, 141
4724, 30, 64, 102, 3, 0, 0.00%, 19, 0, 7, 200.99, 927802, 141
4729, 30, 47, 102, 3, 0, 0.00%, 19, 0, 7, 203.34, 928810, 141
4735, 30, 88, 102, 3, 0, 0.00%, 19, 0, 7, 199.88, 929839, 141
4740, 30, 54, 102, 3, 0, 0.00%, 19, 0, 7, 209.68, 930882, 141
4745, 30, 46, 102, 3, 0, 0.00%, 19, 0, 7, 204.94, 931941, 141
4750, 30, 54, 102, 3, 0, 0.00%, 19, 0, 7, 210.31, 933019, 141
4755, 30, 88, 102, 3, 0, 0.00%, 19, 0, 7, 208.85, 934102, 141
4760, 30, 25, 102, 3, 0, 0.00%, 19, 0, 7, 203.22, 935118, 141
4765, 30, 54, 102, 3, 0, 0.00%, 19, 0, 7, 215.54, 936247, 141
4770, 30, 2, 102, 3, 0, 0.00%, 19, 0, 7, 204.73, 937297, 141
4776, 30, 88, 102, 3, 0, 0.00%, 19, 0, 7, 230.38, 938503, 141
4781, 30, 54, 102, 3, 0, 0.00%, 19, 0, 7, 236.43, 939715, 141
4786, 30, 53, 102, 3, 0, 0.00%, 19, 0, 7, 240.98, 940957, 141
4791, 30, 69, 102, 3, 0, 0.00%, 19, 0, 7, 243.50, 942209, 141
4796, 30, 54, 102, 3, 0, 0.00%, 19, 0, 7, 238.76, 943437, 141
4801, 30, 25, 102, 3, 0, 0.00%, 19, 0, 7, 238.81, 944676, 141
4806, 30, 25, 102, 3, 0, 0.00%, 19, 0, 7, 244.62, 945940, 141
4812, 30, 54, 102, 3, 0, 0.00%, 19, 0, 7, 251.60, 947255, 141
4817, 30, 69, 102, 3, 0, 0.00%, 19, 0, 7, 249.95, 948513, 141
4822, 31, 66, 102, 3, 0, 0.00%, 19, 0, 7, 243.13, 949754, 141
4827, 31, 69, 102, 3, 0, 0.00%, 19, 0, 7, 244.67, 950995, 141
4832, 31, 71, 102, 3, 0, 0.00%, 19, 0, 7, 213.20, 952085, 141
4837, 31, 99, 102, 3, 0, 0.00%, 19, 0, 7, 202.53, 953085, 141
4842, 31, 54, 102, 3, 0, 0.00%, 19, 0, 7, 213.99, 954180, 141
4847, 31, 88, 102, 3, 0, 0.00%, 19, 0, 7, 200.97, 955165, 141
4852, 31, 69, 102, 3, 0, 0.00%, 19, 0, 7, 204.05, 956188, 141
4857, 31, 28, 102, 3, 0, 0.00%, 19, 0, 7, 204.02, 957244, 141
4862, 31, 54, 102, 3, 0, 0.00%, 19, 0, 7, 207.80, 958274, 141
4867, 31, 46, 102, 3, 0, 0.00%, 19, 0, 7, 203.36, 959289, 141
4873, 31, 25, 102, 3, 0, 0.00%, 19, 0, 7, 208.10, 960364, 141
4878, 31, 46, 102, 3, 0, 0.00%, 19, 0, 7, 205.21, 961401, 141
4883, 31, 81, 102, 3, 0, 0.00%, 19, 0, 7, 205.32, 962434, 141
4888, 31, 25, 102, 3, 0, 0.00%, 19, 0, 7, 204.26, 963506, 141
4893, 31, 25, 102, 3, 0, 0.00%, 19, 0, 7, 219.11, 964606, 141
4898, 31, 69, 102, 3, 0, 0.00%, 19, 0, 7, 230.76, 965816, 141
4903, 31, 25, 102, 3, 0, 0.00%, 19, 0, 7, 235.15, 967068, 141
4908, 31, 88, 102, 3, 0, 0.00%, 19, 0, 7, 234.71, 968300, 141
4914, 31, 46, 102, 3, 0, 0.00%, 19, 0, 7, 240.06, 969547, 141
4919, 31, 88, 102, 3, 0, 0.00%, 19, 0, 7, 238.06, 970773, 141
4924, 31, 88, 102, 3, 0, 0.00%, 19, 0, 7, 235.39, 971954, 141
4929, 31, 54, 102, 3, 0, 0.00%, 19, 0, 7, 233.25, 973165, 141
4934, 31, 81, 102, 3, 0, 0.00%, 19, 0, 7, 224.77, 974322, 141
4939, 32, 69, 102, 3, 0, 0.00%, 19, 0, 7, 240.64, 975567, 141
4944, 32, 99, 102, 3, 0, 0.00%, 19, 0, 7, 241.00, 976837, 141
4950, 32, 13, 102, 3, 0, 0.00%, 19, 0, 7, 227.14, 978026, 141
4955, 32, 88, 102, 3, 0, 0.00%, 19, 0, 7, 211.86, 979123, 141
4960, 32, 84, 102, 3, 0, 0.00%, 19, 0, 7, 208.57, 980185, 141
4965, 32, 88, 102, 3, 0, 0.00%, 19, 0, 7, 201.14, 981219, 141
4970, 32, 99, 102, 3, 0, 0.00%, 19, 0, 7, 203.18, 982254, 141
4975, 32, 99, 102, 3, 0, 0.00%, 19, 0, 7, 200.47, 983286, 141
4981, 32, 69, 102, 3, 0, 0.00%, 19, 0, 7, 219.97, 984440, 141
4986, 32, 99, 102, 3, 0, 0.00%, 19, 0, 7, 219.25, 985525, 141
4991, 32, 54, 102, 3, 0, 0.00%, 19, 0, 7, 214.19, 986612, 141
4996, 32, 88, 102, 3, 0, 0.00%, 19, 0, 7, 202.25, 987649, 141
5001, 32, 98, 102, 3, 0, 0.00%, 19, 0, 7, 234.43, 988861, 141
5006, 32, 84, 102, 2, 0, 0.00%, 19, 0, 7, 218.25, 989944, 141
5011, 32, 25, 102, 2, 0, 0.00%, 19, 0, 7, 209.84, 991000, 141
5016, 32, 25, 102, 2, 0, 0.00%, 19, 0, 7, 233.07, 992222, 141
5022, 32, 53, 102, 2, 0, 0.00%, 19, 0, 7, 235.46, 993460, 141
5027, 32, 39, 102, 2, 0, 0.00%, 19, 0, 7, 242.25, 994725, 141
5032, 32, 40, 102, 1, 0, 0.00%, 19, 0, 7, 248.92, 996016, 141
5037, 32, 54, 102, 1, 0, 0.00%, 19, 0, 7, 241.17, 997268, 141
5042, 32, 25, 102, 1, 0, 0.00%, 19, 0, 7, 237.84, 998488, 141
5047, 32, 88, 102, 1, 0, 0.00%, 19, 0, 7, 240.72, 999731, 141
5053, 32, 40, 102, 1, 0, 0.00%, 19, 0, 7, 243.64, 1001004, 141
5058, 33, 84, 102, 1, 0, 0.00%, 19, 0, 7, 246.08, 1002286, 141
5063, 33, 61, 102, 1, 0, 0.00%, 19, 0, 7, 240.84, 1003540, 141
5068, 33, 69, 102, 1, 0, 0.00%, 19, 0, 7, 246.58, 1004831, 141
5073, 33, 81, 102, 1, 0, 0.00%, 19, 0, 7, 211.51, 1005857, 141
5078, 33, 99, 102, 1, 0, 0.00%, 19, 0, 7, 212.37, 1006958, 141
5083, 33, 81, 102, 1, 0, 0.00%, 19, 0, 7, 205.78, 1008029, 141
5089, 33, 84, 102, 1, 0, 0.00%, 19, 0, 7, 201.36, 1009047, 141
5094, 33, 69, 102, 1, 0, 0.00%, 19, 0, 7, 209.07, 1010121, 141
5099, 33, 69, 102, 1, 0, 0.00%, 19, 0, 7, 206.42, 1011182, 141
5104, 33, 62, 102, 1, 0, 0.00%, 19, 0, 7, 206.70, 1012255, 141
5109, 33, 66, 102, 1, 0, 0.00%, 19, 0, 7, 212.12, 1013312, 141
5114, 33, 84, 102, 1, 0, 0.00%, 19, 0, 7, 214.33, 1014409, 141
5119, 33, 81, 102, 1, 0, 0.00%, 19, 0, 7, 204.23, 1015423, 141
5125, 33, 25, 102, 1, 0, 0.00%, 19, 0, 7, 203.61, 1016466, 141
5130, 33, 99, 102, 1, 0, 0.00%, 19, 0, 7, 202.96, 1017519, 141
5135, 33, 25, 102, 1, 0, 0.00%, 19, 0, 7, 226.95, 1018717, 141
5140, 33, 69, 102, 1, 0, 0.00%, 19, 0, 7, 245.42, 1019998, 141
5145, 33, 54, 102, 1, 0, 0.00%, 19, 0, 7, 238.20, 1021212, 141
5150, 33, 25, 102, 1, 0, 0.00%, 19, 0, 7, 235.54, 1022418, 141
5156, 33, 25, 102, 1, 0, 0.00%, 19, 0, 7, 237.81, 1023655, 141
5161, 33, 88, 102, 1, 0, 0.00%, 19, 0, 7, 235.25, 1024863, 141
5166, 33, 54, 102, 1, 0, 0.00%, 19, 0, 7, 255.91, 1026200, 141
5171, 34, 46, 102, 1, 0, 0.00%, 19, 0, 7, 250.64, 1027473, 141
5176, 34, 81, 102, 1, 0, 0.00%, 19, 0, 7, 236.86, 1028684, 141
5182, 34, 66, 102, 1, 0, 0.00%, 19, 0, 7, 243.69, 1029933, 141
5187, 34, 46, 102, 1, 0, 0.00%, 19, 0, 7, 245.73, 1031201, 141
5192, 34, 69, 102, 1, 0, 0.00%, 19, 0, 7, 219.11, 1032268, 141
5197, 34, 25, 102, 1, 0, 0.00%, 19, 0, 7, 207.61, 1033292, 141
5202, 34, 47, 102, 1, 0, 0.00%, 19, 0, 7, 202.24, 1034300, 141
5207, 34, 40, 102, 1, 0, 0.00%, 19, 0, 7, 199.59, 1035330, 141
5212, 34, 85, 102, 1, 0, 0.00%, 19, 0, 7, 206.30, 1036396, 141
5217, 34, 57, 102, 1, 0, 0.00%, 19, 0, 7, 204.19, 1037412, 141
5222, 34, 69, 102, 1, 0, 0.00%, 19, 0, 7, 208.52, 1038496, 141
5227, 34, 54, 102, 1, 0, 0.00%, 19, 0, 7, 208.38, 1039539, 141
5233, 34, 99, 102, 1, 0, 0.00%, 19, 0, 7, 207.19, 1040627, 141
5238, 34, 85, 102, 1, 0, 0.00%, 19, 0, 7, 214.64, 1041741, 141
5243, 34, 53, 102, 1, 0, 0.00%, 19, 0, 7, 209.26, 1042847, 141
5248, 34, 40, 103, 2, 0, 0.00%, 19, 0, 7, 210.51, 1043956, 141
5253, 34, 47, 104, 3, 0, 0.00%, 19, 0, 7, 220.84, 1045090, 141
5259, 34, 25, 104, 3, 0, 0.00%, 19, 0, 7, 236.27, 1046340, 141
5264, 34, 25, 104, 3, 0, 0.00%, 19, 0, 7, 234.92, 1047551, 141
5269, 34, 40, 104, 3, 0, 0.00%, 19, 0, 7, 240.49, 1048772, 141
5274, 34, 99, 104, 3, 0, 0.00%, 19, 0, 7, 236.83, 1049994, 141
5279, 34, 85, 104, 3, 0, 0.00%, 19, 0, 7, 247.50, 1051284, 141
5284, 34, 64, 104, 3, 0, 0.00%, 19, 0, 7, 247.39, 1052561, 141
5289, 35, 69, 104, 3, 0, 0.00%, 19, 0, 7, 253.22, 1053849, 141
5295, 35, 25, 104, 3, 0, 0.00%, 19, 0, 7, 248.50, 1055136, 141
5300, 35, 66, 104, 3, 0, 0.00%, 19, 0, 7, 244.18, 1056352, 141
5305, 35, 85, 104, 3, 0, 0.00%, 19, 0, 7, 236.53, 1057551, 141
5310, 35, 88, 104, 3, 0, 0.00%, 19, 0, 7, 225.62, 1058756, 141
5315, 35, 54, 104, 3, 0, 0.00%, 19, 0, 7, 208.16, 1059776, 141
5320, 35, 66, 104, 3, 0, 0.00%, 19, 0, 7, 208.20, 1060827, 141
5325, 35, 66, 104, 3, 0, 0.00%, 19, 0, 7, 202.82, 1061851, 141
5330, 35, 85, 104, 3, 0, 0.00%, 19, 0, 7, 209.70, 1062918, 141
5335, 35, 69, 104, 3, 0, 0.00%, 19, 0, 7, 214.84, 1063989, 141
5340, 35, 103, 104, 3, 0, 0.00%, 19, 0, 7, 226.48, 1065135, 141
5346, 35, 103, 105, 4, 0, 0.00%, 19, 0, 7, 223.45, 1066363, 141
5351, 35, 40, 106, 4, 0, 0.00%, 19, 0, 7, 207.40, 1067381, 141
5356, 35, 61, 106, 4, 0, 0.00%, 19, 0, 7, 208.55, 1068424, 141
5361, 35, 28, 106, 4, 0, 0.00%, 19, 0, 7, 202.45, 1069474, 141
5366, 35, 66, 106, 4, 0, 0.00%, 19, 0, 7, 210.42, 1070546, 141
5371, 35, 66, 106, 4, 0, 0.00%, 19, 0, 7, 208.31, 1071616, 141
5376, 35, 25, 106, 4, 0, 0.00%, 19, 0, 7, 238.60, 1072877, 141
5381, 35, 85, 106, 4, 0, 0.00%, 19, 0, 7, 242.98, 1074125, 141
5387, 35, 99, 106, 4, 0, 0.00%, 19, 0, 7, 245.74, 1075423, 141
5392, 35, 66, 106, 4, 0, 0.00%, 19, 0, 7, 244.72, 1076683, 141
5397, 35, 69, 106, 4, 0, 0.00%, 19, 0, 7, 246.09, 1077954, 141
5402, 35, 53, 106, 4, 0, 0.00%, 19, 0, 7, 249.34, 1079277, 141
5407, 36, 69, 106, 4, 0, 0.00%, 19, 0, 7, 238.74, 1080491, 141
5412, 36, 105, 106, 4, 0, 0.00%, 19, 0, 7, 283.98, 1081965, 141
5417, 36, 105, 106, 4, 0, 0.00%, 19, 0, 7, 250.79, 1083235, 141
5423, 36, 102, 106, 3, 0, 0.00%, 19, 0, 7, 273.58, 1084632, 141
5428, 36, 25, 106, 2, 0, 0.00%, 19, 0, 7, 251.39, 1085872, 141
5433, 36, 54, 106, 2, 0, 0.00%, 19, 0, 7, 212.05, 1086891, 141
5438, 36, 2, 106, 2, 0, 0.00%, 19, 0, 7, 201.78, 1087906, 141
5443, 36, 99, 106, 2, 0, 0.00%, 19, 0, 7, 202.99, 1088955, 141
5448, 36, 85, 106, 2, 0, 0.00%, 19, 0, 7, 203.80, 1089989, 141
5453, 36, 88, 106, 2, 0, 0.00%, 19, 0, 7, 205.36, 1091081, 141
5458, 36, 99, 106, 2, 0, 0.00%, 19, 0, 7, 207.46, 1092169, 141
5464, 36, 2, 106, 2, 0, 0.00%, 19, 0, 7, 208.65, 1093237, 141
5469, 36, 84, 106, 2, 0, 0.00%, 19, 0, 7, 207.06, 1094300, 141
5474, 36, 2, 106, 2, 0, 0.00%, 19, 0, 7, 207.20, 1095343, 141
5479, 36, 88, 106, 2, 0, 0.00%, 19, 0, 7, 211.40, 1096428, 141
5484, 36, 46, 106, 2, 0, 0.00%, 19, 0, 7, 206.14, 1097495, 141
5489, 36, 61, 106, 2, 0, 0.00%, 19, 0, 7, 199.75, 1098490, 141
5494, 36, 85, 106, 2, 0, 0.00%, 19, 0, 7, 226.95, 1099684, 141
5499, 36, 54, 106, 2, 0, 0.00%, 19, 0, 7, 239.97, 1100961, 141
5505, 36, 88, 106, 2, 0, 0.00%, 19, 0, 7, 238.82, 1102217, 141
5510, 36, 47, 106, 2, 0, 0.00%, 19, 0, 7, 237.99, 1103463, 141
5515, 36, 69, 106, 2, 0, 0.00%, 19, 0, 7, 248.28, 1104760, 141
5520, 36, 25, 106, 2, 0, 0.00%, 19, 0, 7, 241.05, 1105995, 141
5525, 36, 69, 106, 2, 0, 0.00%, 19, 0, 7, 246.33, 1107260, 141
5530, 36, 66, 106, 2, 0, 0.00%, 19, 0, 7, 245.19, 1108534, 141
5536, 37, 93, 106, 2, 0, 0.00%, 19, 0, 7, 234.30, 1109744, 141
5541, 37, 46, 106, 2, 0, 0.00%, 19, 0, 7, 240.63, 1110980, 141
5546, 37, 54, 106, 2, 0, 0.00%, 19, 0, 7, 252.95, 1112289, 141
5551, 37, 25, 106, 2, 0, 0.00%, 19, 0, 7, 223.76, 1113459, 141
5556, 37, 69, 106, 2, 0, 0.00%, 19, 0, 7, 215.79, 1114510, 141
5561, 37, 69, 106, 2, 0, 0.00%, 19, 0, 7, 212.39, 1115587, 141
5566, 37, 65, 106, 2, 0, 0.00%, 19, 0, 7, 203.64, 1116610, 141
5571, 37, 66, 106, 2, 0, 0.00%, 19, 0, 7, 209.79, 1117665, 141
5576, 37, 66, 106, 2, 0, 0.00%, 19, 0, 7, 202.36, 1118662, 141
5582, 37, 25, 106, 2, 0, 0.00%, 19, 0, 7, 202.30, 1119709, 141
5587, 37, 25, 106, 2, 0, 0.00%, 19, 0, 7, 204.82, 1120784, 141
5592, 37, 69, 106, 2, 0, 0.00%, 19, 0, 7, 208.87, 1121843, 141
5597, 37, 88, 106, 2, 0, 0.00%, 19, 0, 7, 205.07, 1122880, 141
5602, 37, 61, 106, 2, 0, 0.00%, 19, 0, 7, 202.68, 1123924, 141
5607, 37, 85, 106, 2, 0, 0.00%, 19, 0, 7, 214.78, 1125025, 141
5612, 37, 99, 106, 2, 0, 0.00%, 19, 0, 7, 217.03, 1126120, 141
5617, 37, 46, 106, 2, 0, 0.00%, 19, 0, 7, 229.09, 1127336, 141
5623, 37, 46, 106, 2, 0, 0.00%, 19, 0, 7, 237.21, 1128579, 141
5628, 37, 21, 106, 2, 0, 0.00%, 19, 0, 7, 239.10, 1129830, 141
5633, 37, 17, 106, 2, 0, 0.00%, 19, 0, 7, 239.43, 1131058, 141
5638, 37, 54, 106, 2, 0, 0.00%, 19, 0, 7, 239.32, 1132296, 141
5643, 37, 25, 106, 2, 0, 0.00%, 19, 0, 7, 244.63, 1133536, 141
5648, 37, 66, 106, 2, 0, 0.00%, 19, 0, 7, 250.14, 1134841, 141
5653, 37, 66, 106, 2, 0, 0.00%, 19, 0, 7, 240.14, 1136071, 141
5659, 38, 69, 106, 2, 0, 0.00%, 19, 0, 7, 242.70, 1137329, 141
5664, 38, 25, 106, 2, 0, 0.00%, 19, 0, 7, 241.24, 1138582, 141
5669, 38, 46, 106, 2, 0, 0.00%, 19, 0, 7, 225.07, 1139778, 141
5674, 38, 2, 106, 2, 0, 0.00%, 19, 0, 7, 209.98, 1140829, 141
5679, 38, 62, 106, 2, 0, 0.00%, 19, 0, 7, 206.55, 1141872, 141
5684, 38, 81, 106, 2, 0, 0.00%, 19, 0, 7, 199.30, 1142863, 141
5689, 38, 69, 106, 2, 0, 0.00%, 19, 0, 7, 209.21, 1143938, 141
5695, 38, 46, 106, 2, 0, 0.00%, 19, 0, 7, 208.21, 1145036, 141
5700, 38, 81, 106, 2, 0, 0.00%, 19, 0, 7, 191.32, 1146008, 141
5705, 38, 61, 106, 2, 0, 0.00%, 19, 0, 7, 187.86, 1146993, 141
5710, 38, 64, 106, 2, 0, 0.00%, 19, 0, 7, 189.65, 1147957, 141
5715, 38, 13, 106, 2, 0, 0.00%, 19, 0, 7, 197.49, 1148981, 141
5720, 38, 81, 106, 2, 0, 0.00%, 19, 0, 7, 199.18, 1149992, 141
5725, 38, 88, 106, 2, 0, 0.00%, 19, 0, 7, 201.31, 1151041, 141
5730, 38, 25, 106, 2, 0, 0.00%, 19, 0, 7, 206.02, 1152119, 141
5736, 38, 2, 106, 2, 0, 0.00%, 19, 0, 7, 237.40, 1153382, 141
5741, 38, 69, 106, 2, 0, 0.00%, 19, 0, 7, 243.03, 1154631, 141
5746, 38, 85, 106, 2, 0, 0.00%, 19, 0, 7, 240.44, 1155908, 141
5751, 38, 46, 106, 2, 0, 0.00%, 19, 0, 7, 233.29, 1157119, 141
5756, 38, 69, 106, 2, 0, 0.00%, 19, 0, 7, 237.06, 1158330, 141
5761, 38, 53, 106, 2, 0, 0.00%, 19, 0, 7, 242.22, 1159599, 141
5767, 38, 28, 106, 2, 0, 0.00%, 19, 0, 7, 230.25, 1160785, 141
5772, 39, 62, 106, 2, 0, 0.00%, 19, 0, 7, 241.62, 1162069, 141
5777, 39, 2, 106, 2, 0, 0.00%, 19, 0, 7, 239.47, 1163301, 141
5782, 39, 99, 106, 2, 0, 0.00%, 19, 0, 7, 238.89, 1164557, 141
5787, 39, 62, 106, 2, 0, 0.00%, 19, 0, 7, 236.59, 1165774, 141
5793, 39, 85, 106, 2, 0, 0.00%, 19, 0, 7, 214.87, 1166846, 141
5798, 39, 99, 106, 2, 0, 0.00%, 19, 0, 7, 205.16, 1167873, 141
5803, 39, 81, 106, 2, 0, 0.00%, 19, 0, 7, 196.42, 1168871, 141
5808, 39, 57, 106, 2, 0, 0.00%, 19, 0, 7, 199.75, 1169899, 141
5813, 39, 69, 106, 2, 0, 0.00%, 19, 0, 7, 204.18, 1170964, 141
5818, 39, 54, 106, 2, 0, 0.00%, 19, 0, 7, 202.71, 1172022, 141
5823, 39, 54, 106, 2, 0, 0.00%, 19, 0, 7, 202.02, 1173030, 141
5828, 39, 25, 106, 2, 0, 0.00%, 19, 0, 7, 203.60, 1174065, 141
5834, 39, 13, 106, 2, 0, 0.00%, 19, 0, 7, 203.01, 1175105, 141
5839, 39, 88, 106, 2, 0, 0.00%, 19, 0, 7, 197.88, 1176116, 141
5844, 39, 99, 106, 2, 0, 0.00%, 19, 0, 7, 200.98, 1177169, 141
5849, 39, 66, 106, 2, 0, 0.00%, 19, 0, 7, 198.71, 1178190, 141
5854, 39, 88, 106, 2, 0, 0.00%, 19, 0, 7, 227.98, 1179398, 141
5859, 39, 54, 106, 2, 0, 0.00%, 19, 0, 7, 236.53, 1180632, 141
5865, 39, 35, 106, 2, 0, 0.00%, 19, 0, 7, 241.49, 1181859, 141
5870, 39, 47, 106, 2, 0, 0.00%, 19, 0, 7, 236.84, 1183090, 141
5875, 39, 65, 106, 2, 0, 0.00%, 19, 0, 7, 233.97, 1184301, 141
5880, 39, 57, 106, 2, 0, 0.00%, 19, 0, 7, 237.69, 1185553, 141
5885, 39, 84, 106, 2, 0, 0.00%, 19, 0, 7, 240.23, 1186743, 141
5890, 39, 46, 106, 2, 0, 0.00%, 19, 0, 7, 236.34, 1187942, 141
5895, 40, 69, 106, 2, 0, 0.00%, 19, 0, 7, 241.18, 1189139, 141
5900, 40, 69, 106, 2, 0, 0.00%, 19, 0, 7, 242.65, 1190382, 141
5905, 40, 61, 106, 2, 0, 0.00%, 19, 0, 7, 235.30, 1191593, 141
5911, 40, 84, 106, 2, 0, 0.00%, 19, 0, 7, 220.61, 1192749, 141
5916, 40, 69, 106, 2, 0, 0.00%, 19, 0, 7, 219.04, 1193831, 141
5921, 40, 40, 106, 2, 0, 0.00%, 19, 0, 7, 204.64, 1194863, 141
5926, 40, 40, 106, 2, 0, 0.00%, 19, 0, 7, 192.75, 1195847, 141
5931, 40, 46, 106, 2, 0, 0.00%, 19, 0, 7, 194.12, 1196842, 141
5936, 40, 88, 106, 2, 0, 0.00%, 19, 0, 7, 192.65, 1197826, 141
5941, 40, 25, 106, 2, 0, 0.00%, 19, 0, 7, 195.88, 1198811, 141
5946, 40, 61, 106, 2, 0, 0.00%, 19, 0, 7, 198.36, 1199842, 141
5952, 40, 54, 106, 2, 0, 0.00%, 19, 0, 7, 196.05, 1200843, 141
5957, 40, 69, 106, 2, 0, 0.00%, 19, 0, 7, 198.81, 1201860, 141
5962, 40, 99, 106, 2, 0, 0.00%, 19, 0, 7, 197.23, 1202886, 141
5967, 40, 85, 106, 2, 0, 0.00%, 19, 0, 7, 198.14, 1203914, 141
5972, 40, 46, 106, 2, 0, 0.00%, 19, 0, 7, 214.95, 1205013, 141
5977, 40, 2, 106, 2, 0, 0.00%, 19, 0, 7, 227.57, 1206223, 141
5983, 40, 88, 106, 2, 0, 0.00%, 19, 0, 7, 234.12, 1207459, 141
5988, 40, 69, 106, 2, 0, 0.00%, 19, 0, 7, 240.70, 1208700, 141
5993, 40, 25, 106, 2, 0, 0.00%, 19, 0, 7, 240.70, 1209953, 141
5998, 40, 99, 106, 2, 0, 0.00%, 19, 0, 7, 238.73, 1211168, 141
6003, 40, 46, 106, 2, 0, 0.00%, 19, 0, 7, 234.08, 1212401, 141
6008, 40, 97, 106, 2, 0, 0.00%, 19, 0, 7, 227.56, 1213588, 141
6013, 41, 2, 106, 2, 0, 0.00%, 19, 0, 7, 229.25, 1214729, 141
6019, 41, 88, 106, 2, 0, 0.00%, 19, 0, 7, 235.71, 1215935, 141
6024, 41, 54, 106, 2, 0, 0.00%, 19, 0, 7, 245.36, 1217199, 141
6029, 41, 40, 106, 2, 0, 0.00%, 19, 0, 7, 235.17, 1218427, 141
6034, 41, 28, 106, 2, 0, 0.00%, 19, 0, 7, 215.79, 1219527, 141
6039, 41, 99, 106, 2, 0, 0.00%, 19, 0, 7, 207.44, 1220608, 141
6044, 41, 60, 106, 2, 0, 0.00%, 19, 0, 7, 198.92, 1221603, 141
6049, 41, 88, 106, 2, 0, 0.00%, 19, 0, 7, 198.12, 1222618, 141
6055, 41, 25, 106, 2, 0, 0.00%, 19, 0, 7, 200.06, 1223669, 141
6060, 41, 65, 106, 2, 0, 0.00%, 19, 0, 7, 204.87, 1224738, 141
6065, 41, 25, 106, 2, 0, 0.00%, 19, 0, 7, 209.89, 1225815, 141
6070, 41, 99, 106, 2, 0, 0.00%, 19, 0, 7, 209.79, 1226874, 141
6075, 41, 62, 106, 2, 0, 0.00%, 19, 0, 7, 205.65, 1227901, 141
6080, 41, 66, 106, 2, 0, 0.00%, 19, 0, 7, 205.06, 1228930, 141
6085, 41, 72, 106, 2, 0, 0.00%, 19, 0, 7, 205.74, 1230000, 141
6090, 41, 69, 106, 2, 0, 0.00%, 19, 0, 7, 209.01, 1231042, 141
6095, 41, 66, 106, 2, 0, 0.00%, 19, 0, 7, 233.92, 1232224, 141
6100, 41, 25, 106, 2, 0, 0.00%, 19, 0, 7, 235.18, 1233436, 141
6106, 41, 57, 106, 2, 0, 0.00%, 19, 0, 7, 250.01, 1234729, 141
6111, 41, 66, 106, 2, 0, 0.00%, 19, 0, 7, 238.96, 1235956, 141
6116, 41, 66, 106, 2, 0, 0.00%, 19, 0, 7, 239.79, 1237205, 141
6121, 41, 25, 106, 2, 0, 0.00%, 19, 0, 7, 242.81, 1238467, 141
6126, 41, 88, 106, 2, 0, 0.00%, 19, 0, 7, 238.67, 1239708, 141
6131, 42, 88, 106, 2, 0, 0.00%, 19, 0, 7, 245.73, 1240971, 141
6137, 42, 13, 106, 2, 0, 0.00%, 19, 0, 7, 237.72, 1242185, 141
6142, 42, 69, 106, 2, 0, 0.00%, 19, 0, 7, 244.76, 1243447, 141
6147, 42, 47, 106, 2, 0, 0.00%, 19, 0, 7, 237.00, 1244667, 141
6152, 42, 66, 106, 2, 0, 0.00%, 19, 0, 7, 217.60, 1245802, 141
6157, 42, 69, 106, 2, 0, 0.00%, 19, 0, 7, 208.47, 1246827, 141
6162, 42, 40, 106, 2, 0, 0.00%, 19, 0, 7, 220.72, 1247991, 141
6167, 42, 84, 106, 2, 0, 0.00%, 19, 0, 7, 213.26, 1249026, 141
6172, 42, 66, 106, 2, 0, 0.00%, 19, 0, 7, 204.09, 1250070, 141
6177, 42, 54, 106, 2, 0, 0.00%, 19, 0, 7, 201.93, 1251067, 141
6183, 42, 66, 106, 2, 0, 0.00%, 19, 0, 7, 206.22, 1252143, 141
6188, 42, 69, 106, 2, 0, 0.00%, 19, 0, 7, 212.80, 1253237, 141
6193, 42, 81, 106, 2, 0, 0.00%, 19, 0, 7, 203.91, 1254264, 141
6198, 42, 99, 106, 2, 0, 0.00%, 19, 0, 7, 206.70, 1255342, 141
6203, 42, 57, 106, 2, 0, 0.00%, 19, 0, 7, 205.33, 1256405, 141
6208, 42, 46, 106, 2, 0, 0.00%, 19, 0, 7, 205.50, 1257474, 141
6213, 42, 28, 106, 2, 0, 0.00%, 19, 0, 7, 226.49, 1258647, 141
6219, 42, 88, 106, 2, 0, 0.00%, 19, 0, 7, 239.08, 1259896, 141
6224, 42, 13, 106, 2, 0, 0.00%, 19, 0, 7, 241.61, 1261141, 141
6229, 42, 84, 106, 2, 0, 0.00%, 19, 0, 7, 242.59, 1262380, 141
6234, 42, 88, 106, 2, 0, 0.00%, 19, 0, 7, 242.86, 1263628, 141
6239, 42, 81, 106, 2, 0, 0.00%, 19, 0, 7, 235.05, 1264837, 141
6244, 42, 88, 106, 2, 0, 0.00%, 19, 0, 7, 200.39, 1265774, 141
6250, 43, 54, 106, 2, 0, 0.00%, 19, 0, 7, 213.72, 1266898, 141
6255, 43, 81, 106, 2, 0, 0.00%, 19, 0, 7, 215.98, 1267993, 141
6260, 43, 47, 106, 2, 0, 0.00%, 19, 0, 7, 214.56, 1269054, 141
6265, 43, 54, 106, 2, 0, 0.00%, 19, 0, 7, 228.51, 1270253, 141
6270, 43, 81, 106, 2, 0, 0.00%, 19, 0, 7, 208.35, 1271341, 141
6275, 43, 88, 106, 2, 0, 0.00%, 19, 0, 7, 189.60, 1272304, 141
6280, 43, 57, 106, 2, 0, 0.00%, 19, 0, 7, 183.55, 1273252, 141
6285, 43, 104, 106, 2, 0, 0.00%, 19, 0, 7, 221.22, 1274419, 141
6291, 43, 104, 106, 2, 0, 0.00%, 19, 0, 7, 194.84, 1275388, 141
6296, 43, 88, 106, 1, 0, 0.00%, 19, 0, 7, 185.09, 1276316, 141
6301, 43, 13, 106, 1, 0, 0.00%, 19, 0, 7, 187.60, 1277277, 141
6306, 43, 69, 106, 1, 0, 0.00%, 19, 0, 7, 185.11, 1278224, 141
6311, 43, 25, 106, 1, 0, 0.00%, 19, 0, 7, 192.88, 1279241, 141
6316, 43, 61, 106, 1, 0, 0.00%, 19, 0, 7, 188.58, 1280210, 141
6322, 43, 64, 106, 1, 0, 0.00%, 19, 0, 7, 200.84, 1281257, 141
6327, 43, 13, 106, 1, 0, 0.00%, 19, 0, 7, 195.27, 1282273, 141
6332, 43, 25, 106, 1, 0, 0.00%, 19, 0, 7, 209.89, 1283313, 141
6337, 43, 66, 106, 1, 0, 0.00%, 19, 0, 7, 237.35, 1284548, 141
6342, 43, 69, 106, 1, 0, 0.00%, 19, 0, 7, 243.53, 1285805, 141
6347, 43, 54, 106, 1, 0, 0.00%, 19, 0, 7, 232.38, 1287008, 141
6352, 43, 25, 106, 1, 0, 0.00%, 19, 0, 7, 237.14, 1288244, 141
6358, 43, 54, 106, 1, 0, 0.00%, 19, 0, 7, 232.46, 1289445, 141
6363, 43, 46, 106, 1, 0, 0.00%, 19, 0, 7, 227.69, 1290630, 141
6368, 43, 54, 106, 1, 0, 0.00%, 19, 0, 7, 237.66, 1291858, 141
6373, 43, 46, 106, 1, 0, 0.00%, 19, 0, 7, 232.01, 1293057, 141
6378, 43, 66, 106, 1, 0, 0.00%, 19, 0, 7, 234.94, 1294267, 141
6383, 44, 85, 106, 1, 0, 0.00%, 19, 0, 7, 239.16, 1295467, 141
6389, 44, 88, 106, 1, 0, 0.00%, 19, 0, 7, 230.01, 1296650, 141
6394, 44, 66, 106, 1, 0, 0.00%, 19, 0, 7, 207.26, 1297666, 141
6399, 44, 66, 106, 1, 0, 0.00%, 19, 0, 7, 197.90, 1298654, 141
6404, 44, 54, 106, 1, 0, 0.00%, 19, 0, 7, 196.18, 1299666, 141
6409, 44, 40, 106, 1, 0, 0.00%, 19, 0, 7, 195.37, 1300678, 141
6414, 44, 69, 106, 1, 0, 0.00%, 19, 0, 7, 188.04, 1301671, 141
6419, 44, 13, 106, 1, 0, 0.00%, 19, 0, 7, 198.86, 1302704, 141
6424, 44, 69, 106, 1, 0, 0.00%, 19, 0, 7, 189.71, 1303666, 141
6429, 44, 28, 106, 1, 0, 0.00%, 19, 0, 7, 179.54, 1304589, 141
6435, 44, 66, 106, 1, 0, 0.00%, 19, 0, 7, 170.49, 1305463, 141
6440, 44, 69, 106, 1, 0, 0.00%, 19, 0, 7, 178.44, 1306360, 141
6445, 44, 47, 106, 1, 0, 0.00%, 19, 0, 7, 177.20, 1307278, 141
6450, 44, 62, 106, 1, 0, 0.00%, 19, 0, 7, 179.81, 1308190, 141
6455, 44, 88, 106, 1, 0, 0.00%, 19, 0, 7, 211.09, 1309315, 141
6460, 44, 99, 106, 1, 0, 0.00%, 19, 0, 7, 218.15, 1310433, 141
6465, 44, 46, 106, 1, 0, 0.00%, 19, 0, 7, 220.24, 1311564, 141
6471, 44, 47, 106, 1, 0, 0.00%, 19, 0, 7, 214.07, 1312676, 141
6476, 44, 2, 106, 1, 0, 0.00%, 19, 0, 7, 223.24, 1313826, 141
6481, 44, 54, 106, 1, 0, 0.00%, 19, 0, 7, 217.56, 1314905, 141
6486, 44, 25, 106, 1, 0, 0.00%, 19, 0, 7, 218.66, 1316058, 141
6491, 44, 25, 106, 1, 0, 0.00%, 19, 0, 7, 215.21, 1317133, 141
6496, 44, 88, 106, 1, 0, 0.00%, 19, 0, 7, 218.14, 1318273, 141
6501, 44, 54, 106, 1, 0, 0.00%, 19, 0, 7, 210.93, 1319364, 141
6507, 45, 65, 106, 1, 0, 0.00%, 19, 0, 7, 222.10, 1320520, 141
6512, 45, 69, 106, 1, 0, 0.00%, 19, 0, 7, 212.56, 1321622, 141
6517, 45, 85, 106, 1, 0, 0.00%, 19, 0, 7, 219.90, 1322730, 141
6522, 45, 81, 106, 1, 0, 0.00%, 19, 0, 7, 206.10, 1323746, 141
6527, 45, 99, 106, 1, 0, 0.00%, 19, 0, 7, 197.43, 1324737, 141
6532, 45, 81, 106, 1, 0, 0.00%, 19, 0, 7, 194.05, 1325753, 141
6537, 45, 66, 106, 1, 0, 0.00%, 19, 0, 7, 181.24, 1326686, 141
6542, 45, 54, 106, 1, 0, 0.00%, 19, 0, 7, 187.19, 1327670, 141
6547, 45, 2, 106, 1, 0, 0.00%, 19, 0, 7, 184.52, 1328606, 141
6553, 45, 66, 106, 1, 0, 0.00%, 19, 0, 7, 187.58, 1329576, 141
6558, 45, 13, 106, 1, 0, 0.00%, 19, 0, 7, 187.21, 1330508, 141
6563, 45, 46, 106, 1, 0, 0.00%, 19, 0, 7, 190.75, 1331505, 141
6568, 45, 54, 106, 1, 0, 0.00%, 19, 0, 7, 193.32, 1332500, 141
6573, 45, 66, 106, 1, 0, 0.00%, 19, 0, 7, 219.69, 1333606, 141
6578, 45, 69, 107, 2, 0, 0.00%, 19, 0, 7, 233.91, 1334815, 141
6583, 45, 61, 107, 2, 0, 0.00%, 19, 0, 7, 239.73, 1336058, 141
6589, 45, 99, 107, 2, 0, 0.00%, 19, 0, 7, 244.87, 1337262, 141
6594, 45, 46, 107, 2, 0, 0.00%, 19, 0, 7, 243.15, 1338524, 141
6599, 45, 25, 107, 2, 0, 0.00%, 19, 0, 7, 244.36, 1339777, 141
6604, 45, 10, 107, 2, 0, 0.00%, 19, 0, 7, 236.76, 1341010, 141
6609, 45, 53, 107, 2, 0, 0.00%, 19, 0, 7, 239.58, 1342267, 141
6614, 45, 88, 107, 2, 0, 0.00%, 19, 0, 7, 235.25, 1343434, 141
6619, 45, 95, 107, 2, 0, 0.00%, 19, 0, 7, 232.63, 1344595, 141
6624, 45, 54, 107, 2, 0, 0.00%, 19, 0, 7, 232.05, 1345785, 141
6630, 45, 66, 107, 2, 0, 0.00%, 19, 0, 7, 227.20, 1346962, 141
6635, 46, 2, 107, 2, 0, 0.00%, 19, 0, 7, 205.82, 1347969, 141
6640, 46, 69, 107, 2, 0, 0.00%, 19, 0, 7, 206.08, 1349030, 141
6645, 46, 66, 107, 2, 0, 0.00%, 19, 0, 7, 194.81, 1350040, 141
6650, 46, 88, 107, 2, 0, 0.00%, 19, 0, 7, 167.09, 1350868, 141
6655, 46, 13, 107, 2, 0, 0.00%, 19, 0, 7, 166.20, 1351698, 141
6661, 46, 84, 107, 2, 0, 0.00%, 19, 0, 7, 178.98, 1352603, 141
6666, 46, 69, 107, 2, 0, 0.00%, 19, 0, 7, 171.04, 1353465, 141
6671, 46, 66, 107, 2, 0, 0.00%, 19, 0, 7, 159.68, 1354276, 141
6676, 46, 62, 107, 2, 0, 0.00%, 19, 0, 7, 174.14, 1355160, 141
6681, 46, 54, 107, 2, 0, 0.00%, 19, 0, 7, 175.03, 1356052, 141
6686, 46, 61, 107, 2, 0, 0.00%, 19, 0, 7, 171.67, 1356929, 141
6691, 46, 28, 107, 2, 0, 0.00%, 19, 0, 7, 188.00, 1357891, 141
6696, 46, 69, 107, 2, 0, 0.00%, 19, 0, 7, 222.84, 1359110, 141
6702, 46, 81, 107, 2, 0, 0.00%, 19, 0, 7, 223.07, 1360271, 141
6707, 46, 88, 107, 2, 0, 0.00%, 19, 0, 7, 213.38, 1361385, 141
6712, 46, 54, 107, 2, 0, 0.00%, 19, 0, 7, 213.66, 1362517, 141
6717, 46, 53, 107, 2, 0, 0.00%, 19, 0, 7, 222.67, 1363686, 141
6722, 46, 25, 107, 2, 0, 0.00%, 19, 0, 7, 226.23, 1364873, 141
6728, 46, 99, 107, 2, 0, 0.00%, 19, 0, 7, 224.03, 1366026, 141
6733, 46, 66, 107, 2, 0, 0.00%, 19, 0, 7, 234.16, 1367202, 141
6738, 46, 85, 107, 2, 0, 0.00%, 19, 0, 7, 232.35, 1368364, 141
6743, 46, 85, 107, 2, 0, 0.00%, 19, 0, 7, 234.34, 1369580, 141
6748, 46, 54, 107, 2, 0, 0.00%, 19, 0, 7, 235.21, 1370786, 141
6753, 46, 40, 107, 2, 0, 0.00%, 19, 0, 7, 203.52, 1371762, 141
6758, 46, 69, 107, 2, 0, 0.00%, 19, 0, 7, 210.92, 1372864, 141
6763, 47, 88, 107, 2, 0, 0.00%, 19, 0, 7, 195.82, 1373869, 141
6768, 47, 67, 107, 2, 0, 0.00%, 19, 0, 7, 196.46, 1374881, 141
6773, 47, 40, 107, 2, 0, 0.00%, 19, 0, 7, 199.31, 1375903, 141
6779, 47, 85, 107, 2, 0, 0.00%, 19, 0, 7, 201.86, 1376936, 141
6784, 47, 54, 107, 2, 0, 0.00%, 19, 0, 7, 202.59, 1378001, 141
6789, 47, 67, 107, 2, 0, 0.00%, 19, 0, 7, 202.84, 1379036, 141
6794, 47, 81, 107, 2, 0, 0.00%, 19, 0, 7, 196.87, 1380052, 141
6799, 47, 88, 107, 2, 0, 0.00%, 19, 0, 7, 202.43, 1381112, 141
6804, 47, 69, 107, 2, 0, 0.00%, 19, 0, 7, 203.07, 1382151, 141
6809, 47, 88, 107, 2, 0, 0.00%, 19, 0, 7, 204.24, 1383193, 141
6814, 47, 54, 107, 2, 0, 0.00%, 19, 0, 7, 230.33, 1384370, 141
6820, 47, 69, 107, 2, 0, 0.00%, 19, 0, 7, 248.22, 1385679, 141
6825, 47, 88, 107, 2, 0, 0.00%, 19, 0, 7, 236.54, 1386886, 141
6830, 47, 53, 107, 2, 0, 0.00%, 19, 0, 7, 238.14, 1388143, 141
6835, 47, 106, 107, 2, 0, 0.00%, 19, 0, 7, 263.86, 1389555, 141
6840, 47, 2, 107, 1, 0, 0.00%, 19, 0, 7, 236.11, 1390733, 141
6845, 47, 81, 107, 1, 0, 0.00%, 19, 0, 7, 239.16, 1391943, 141
6851, 47, 69, 107, 1, 0, 0.00%, 19, 0, 7, 229.09, 1393110, 141
6856, 47, 61, 107, 1, 0, 0.00%, 19, 0, 7, 232.87, 1394342, 141
6861, 47, 67, 107, 1, 0, 0.00%, 19, 0, 7, 220.80, 1395458, 141
6866, 47, 69, 107, 1, 0, 0.00%, 19, 0, 7, 230.50, 1396654, 141
6871, 47, 54, 107, 1, 0, 0.00%, 19, 0, 7, 216.58, 1397764, 141
6876, 47, 25, 107, 1, 0, 0.00%, 19, 0, 7, 203.48, 1398799, 141
6881, 47, 81, 107, 1, 0, 0.00%, 19, 0, 7, 201.48, 1399823, 141
6887, 47, 66, 107, 1, 0, 0.00%, 19, 0, 7, 201.49, 1400866, 141
6892, 48, 25, 107, 1, 0, 0.00%, 19, 0, 7, 189.57, 1401837, 141
6897, 48, 65, 107, 1, 0, 0.00%, 19, 0, 7, 194.75, 1402832, 141
6902, 48, 66, 107, 1, 0, 0.00%, 19, 0, 7, 191.17, 1403836, 141
6907, 48, 99, 107, 1, 0, 0.00%, 19, 0, 7, 182.01, 1404790, 141
6912, 48, 54, 107, 1, 0, 0.00%, 19, 0, 7, 166.80, 1405637, 141
6918, 48, 46, 107, 1, 0, 0.00%, 19, 0, 7, 93.60, 1406253, 141
6923, 48, 99, 107, 1, 0, 0.00%, 19, 0, 7, 139.60, 1407062, 141
6928, 48, 85, 107, 1, 0, 0.00%, 19, 0, 7, 146.28, 1407761, 141
6933, 48, 84, 107, 1, 0, 0.00%, 19, 0, 7, 163.45, 1408533, 141
6938, 48, 25, 107, 1, 0, 0.00%, 19, 0, 7, 207.82, 1409658, 141
6943, 48, 69, 107, 1, 0, 0.00%, 19, 0, 7, 240.55, 1410896, 141
6949, 48, 88, 107, 1, 0, 0.00%, 19, 0, 7, 220.64, 1412020, 141
6954, 48, 88, 107, 1, 0, 0.00%, 19, 0, 7, 221.81, 1413164, 141
6959, 48, 85, 107, 1, 0, 0.00%, 19, 0, 7, 216.93, 1414255, 141
6964, 48, 99, 107, 1, 0, 0.00%, 19, 0, 7, 223.41, 1415416, 141
6969, 48, 99, 107, 1, 0, 0.00%, 19, 0, 7, 228.30, 1416609, 141
6974, 48, 88, 107, 1, 0, 0.00%, 19, 0, 7, 222.38, 1417720, 141
6979, 48, 69, 107, 1, 0, 0.00%, 19, 0, 7, 226.49, 1418861, 141
6984, 48, 81, 107, 1, 0, 0.00%, 19, 0, 7, 210.81, 1419916, 141
6989, 48, 88, 107, 1, 0, 0.00%, 19, 0, 7, 202.32, 1420929, 141
6995, 48, 40, 107, 1, 0, 0.00%, 19, 0, 7, 174.61, 1421802, 141
7000, 48, 40, 107, 1, 0, 0.00%, 19, 0, 7, 186.59, 1422782, 141
7005, 48, 53, 107, 1, 0, 0.00%, 19, 0, 7, 177.46, 1423702, 141
7010, 48, 69, 107, 1, 0, 0.00%, 19, 0, 7, 176.34, 1424589, 141
7015, 48, 28, 107, 1, 0, 0.00%, 19, 0, 7, 167.51, 1425464, 141
7021, 48, 99, 107, 1, 0, 0.00%, 19, 0, 7, 170.95, 1426362, 141
7026, 48, 62, 107, 1, 0, 0.00%, 19, 0, 7, 175.76, 1427281, 141
7031, 49, 85, 107, 1, 0, 0.00%, 19, 0, 7, 162.77, 1428104, 141
7036, 49, 84, 107, 1, 0, 0.00%, 19, 0, 7, 175.86, 1428983, 141
7041, 49, 54, 107, 1, 0, 0.00%, 19, 0, 7, 186.86, 1429966, 141
7046, 49, 88, 107, 1, 0, 0.00%, 19, 0, 7, 190.05, 1430955, 141
7052, 49, 25, 107, 1, 0, 0.00%, 19, 0, 7, 193.48, 1431938, 141
7057, 49, 28, 107, 1, 0, 0.00%, 19, 0, 7, 221.58, 1433123, 141
7062, 49, 99, 107, 1, 0, 0.00%, 19, 0, 7, 235.81, 1434351, 141
7067, 49, 81, 107, 1, 0, 0.00%, 19, 0, 7, 238.38, 1435581, 141
7072, 49, 66, 107, 1, 0, 0.00%, 19, 0, 7, 239.23, 1436811, 141
7077, 49, 54, 107, 1, 0, 0.00%, 19, 0, 7, 230.58, 1438006, 141
7083, 49, 25, 107, 1, 0, 0.00%, 19, 0, 7, 234.20, 1439234, 141
7088, 49, 99, 107, 1, 0, 0.00%, 19, 0, 7, 236.83, 1440482, 141
7093, 49, 66, 107, 1, 0, 0.00%, 19, 0, 7, 237.81, 1441707, 141
7098, 49, 53, 107, 1, 0, 0.00%, 19, 0, 7, 240.62, 1442944, 141
7103, 49, 57, 107, 1, 0, 0.00%, 19, 0, 7, 243.29, 1444207, 141
7108, 49, 54, 107, 1, 0, 0.00%, 19, 0, 7, 239.66, 1445439, 141
7114, 49, 85, 107, 1, 0, 0.00%, 19, 0, 7, 215.10, 1446527, 141
7119, 49, 13, 107, 1, 0, 0.00%, 19, 0, 7, 193.82, 1447508, 141
7124, 49, 25, 107, 1, 0, 0.00%, 19, 0, 7, 191.87, 1448501, 141
7129, 49, 25, 107, 1, 0, 0.00%, 19, 0, 7, 149.63, 1449210, 141
7134, 49, 54, 107, 1, 0, 0.00%, 19, 0, 7, 168.37, 1450084, 141
7139, 49, 40, 107, 1, 0, 0.00%, 19, 0, 7, 177.99, 1451020, 141
7144, 49, 88, 107, 1, 0, 0.00%, 19, 0, 7, 176.86, 1451942, 141
7150, 49, 66, 107, 1, 0, 0.00%, 19, 0, 7, 173.12, 1452840, 141
7155, 50, 69, 107, 1, 0, 0.00%, 19, 0, 7, 173.30, 1453744, 141
7160, 50, 69, 107, 1, 0, 0.00%, 19, 0, 7, 176.15, 1454669, 141
7165, 50, 85, 107, 1, 0, 0.00%, 19, 0, 7, 182.26, 1455617, 141
7170, 50, 54, 107, 1, 0, 0.00%, 19, 0, 7, 173.13, 1456509, 141
7175, 50, 25, 107, 1, 0, 0.00%, 19, 0, 7, 214.52, 1457602, 141
7180, 50, 53, 107, 1, 0, 0.00%, 19, 0, 7, 224.85, 1458751, 141
7186, 50, 65, 107, 1, 0, 0.00%, 19, 0, 7, 227.09, 1459933, 141
7191, 50, 85, 107, 1, 0, 0.00%, 19, 0, 7, 236.29, 1461159, 141
7196, 50, 69, 107, 1, 0, 0.00%, 19, 0, 7, 239.73, 1462387, 141
7201, 50, 66, 107, 1, 0, 0.00%, 19, 0, 7, 232.04, 1463553, 141
7206, 50, 85, 107, 1, 0, 0.00%, 19, 0, 7, 233.30, 1464739, 141
7211, 50, 69, 107, 1, 0, 0.00%, 19, 0, 7, 232.41, 1465908, 141
7216, 50, 64, 107, 1, 0, 0.00%, 19, 0, 7, 234.04, 1467086, 141
7221, 50, 25, 107, 1, 0, 0.00%, 19, 0, 7, 228.30, 1468263, 141
7226, 50, 69, 107, 1, 0, 0.00%, 19, 0, 7, 241.05, 1469511, 141
7232, 50, 69, 107, 1, 0, 0.00%, 19, 0, 7, 212.37, 1470569, 141
7237, 50, 46, 107, 1, 0, 0.00%, 19, 0, 7, 185.15, 1471474, 141
7242, 50, 54, 107, 1, 0, 0.00%, 19, 0, 7, 176.89, 1472362, 141
7247, 50, 67, 107, 1, 0, 0.00%, 19, 0, 7, 174.89, 1473275, 141
7252, 50, 53, 107, 1, 0, 0.00%, 19, 0, 7, 175.53, 1474186, 141
7257, 50, 2, 107, 1, 0, 0.00%, 19, 0, 7, 177.53, 1475132, 141
7262, 50, 25, 107, 1, 0, 0.00%, 19, 0, 7, 181.20, 1476047, 141
7268, 50, 69, 107, 1, 0, 0.00%, 19, 0, 7, 175.85, 1476941, 141
7273, 50, 62, 107, 1, 0, 0.00%, 19, 0, 7, 171.00, 1477829, 141
7278, 50, 88, 107, 1, 0, 0.00%, 19, 0, 7, 175.16, 1478732, 141
7283, 50, 88, 107, 1, 0, 0.00%, 19, 0, 7, 172.78, 1479598, 141
7288, 51, 47, 107, 1, 0, 0.00%, 19, 0, 7, 174.91, 1480507, 141
7293, 51, 46, 107, 1, 0, 0.00%, 19, 0, 7, 200.89, 1481501, 141
7298, 51, 25, 107, 1, 0, 0.00%, 19, 0, 7, 235.59, 1482754, 141
7304, 51, 28, 107, 1, 0, 0.00%, 19, 0, 7, 228.44, 1483947, 141
7309, 51, 88, 107, 1, 0, 0.00%, 19, 0, 7, 230.13, 1485133, 141
7314, 51, 81, 107, 1, 0, 0.00%, 19, 0, 7, 236.08, 1486355, 141
7319, 51, 66, 107, 1, 0, 0.00%, 19, 0, 7, 234.38, 1487500, 141
7324, 51, 106, 107, 1, 0, 0.00%, 19, 0, 7, 217.74, 1488627, 141
7329, 51, 106, 108, 2, 0, 0.00%, 19, 0, 7, 208.72, 1489678, 141
7334, 51, 106, 108, 2, 0, 0.00%, 19, 0, 7, 210.65, 1490738, 141
7339, 51, 106, 108, 2, 0, 0.00%, 19, 0, 7, 225.62, 1491890, 141
7344, 51, 85, 108, 2, 0, 0.00%, 19, 0, 7, 228.13, 1493021, 141
7349, 51, 47, 108, 2, 0, 0.00%, 19, 0, 7, 225.95, 1494188, 141
7355, 51, 81, 108, 2, 0, 0.00%, 19, 0, 7, 192.48, 1495144, 141
7360, 51, 61, 108, 2, 0, 0.00%, 19, 0, 7, 177.04, 1496043, 141
7365, 51, 64, 108, 2, 0, 0.00%, 19, 0, 7, 177.70, 1496961, 141
7370, 51, 66, 108, 2, 0, 0.00%, 19, 0, 7, 173.52, 1497854, 141
7375, 51, 99, 108, 2, 0, 0.00%, 19, 0, 7, 173.17, 1498741, 141
7380, 51, 88, 108, 2, 0, 0.00%, 19, 0, 7, 174.49, 1499646, 141
7386, 51, 88, 108, 2, 0, 0.00%, 19, 0, 7, 175.72, 1500559, 141
7391, 51, 99, 108, 2, 0, 0.00%, 19, 0, 7, 172.87, 1501451, 141
7396, 51, 62, 108, 2, 0, 0.00%, 19, 0, 7, 174.86, 1502364, 141
7401, 51, 69, 108, 2, 0, 0.00%, 19, 0, 7, 177.04, 1503267, 141
7406, 51, 107, 108, 2, 0, 0.00%, 19, 0, 7, 197.22, 1504294, 141
7411, 51, 107, 108, 2, 0, 0.00%, 19, 0, 7, 195.03, 1505293, 141
7417, 51, 88, 108, 1, 0, 0.00%, 19, 0, 7, 214.82, 1506413, 141
7422, 51, 69, 108, 1, 0, 0.00%, 19, 0, 7, 232.17, 1507626, 141
7427, 51, 99, 108, 1, 0, 0.00%, 19, 0, 7, 230.41, 1508839, 141
7432, 51, 54, 108, 1, 0, 0.00%, 19, 0, 7, 222.01, 1509980, 141
7437, 51, 69, 108, 1, 0, 0.00%, 19, 0, 7, 218.66, 1511102, 141
7442, 51, 69, 108, 1, 0, 0.00%, 19, 0, 7, 225.47, 1512280, 141
7447, 51, 66, 108, 1, 0, 0.00%, 19, 0, 7, 229.35, 1513439, 141
7452, 52, 54, 108, 1, 0, 0.00%, 19, 0, 7, 223.58, 1514550, 141
7458, 52, 62, 108, 1, 0, 0.00%, 19, 0, 7, 218.48, 1515690, 141
7463, 52, 69, 108, 1, 0, 0.00%, 19, 0, 7, 223.58, 1516863, 141
7468, 52, 84, 108, 1, 0, 0.00%, 19, 0, 7, 227.33, 1518060, 141
7473, 52, 46, 108, 1, 0, 0.00%, 19, 0, 7, 194.73, 1519058, 141
7478, 52, 40, 108, 1, 0, 0.00%, 19, 0, 7, 181.61, 1519951, 141
7483, 52, 88, 108, 1, 0, 0.00%, 19, 0, 7, 168.44, 1520782, 141
7488, 52, 69, 108, 1, 0, 0.00%, 19, 0, 7, 171.23, 1521662, 141
7493, 52, 25, 108, 1, 0, 0.00%, 19, 0, 7, 164.95, 1522481, 141
7498, 52, 88, 108, 1, 0, 0.00%, 19, 0, 7, 164.98, 1523337, 141
7503, 52, 53, 108, 1, 0, 0.00%, 19, 0, 7, 163.46, 1524156, 141
7508, 52, 69, 108, 1, 0, 0.00%, 19, 0, 7, 169.72, 1525004, 141
7514, 52, 62, 108, 1, 0, 0.00%, 19, 0, 7, 167.01, 1525865, 141
7519, 52, 81, 108, 1, 0, 0.00%, 19, 0, 7, 172.80, 1526759, 141
7524, 52, 46, 108, 1, 0, 0.00%, 19, 0, 7, 166.16, 1527608, 141
7529, 52, 69, 108, 1, 0, 0.00%, 19, 0, 7, 170.04, 1528490, 141
7534, 52, 54, 108, 1, 0, 0.00%, 19, 0, 7, 191.09, 1529456, 141
7540, 52, 69, 108, 1, 0, 0.00%, 19, 0, 7, 223.78, 1530616, 141
7545, 52, 67, 108, 1, 0, 0.00%, 19, 0, 7, 228.42, 1531816, 141
7550, 52, 99, 108, 1, 0, 0.00%, 19, 0, 7, 219.64, 1532940, 141
7555, 52, 61, 108, 1, 0, 0.00%, 19, 0, 7, 217.15, 1534070, 141
7560, 52, 69, 108, 1, 0, 0.00%, 19, 0, 7, 227.51, 1535216, 141
7565, 52, 53, 108, 1, 0, 0.00%, 19, 0, 7, 218.11, 1536341, 141
7570, 52, 61, 108, 1, 0, 0.00%, 19, 0, 7, 218.62, 1537444, 141
7575, 52, 2, 108, 1, 0, 0.00%, 19, 0, 7, 220.10, 1538613, 141
7581, 52, 46, 108, 1, 0, 0.00%, 19, 0, 7, 219.78, 1539769, 141
7586, 53, 85, 108, 1, 0, 0.00%, 19, 0, 7, 225.35, 1540943, 141
7591, 53, 54, 108, 1, 0, 0.00%, 19, 0, 7, 206.18, 1542040, 141
7596, 53, 85, 108, 1, 0, 0.00%, 19, 0, 7, 173.20, 1542891, 141
7601, 53, 69, 108, 1, 0, 0.00%, 19, 0, 7, 174.23, 1543766, 141
7606, 53, 53, 108, 1, 0, 0.00%, 19, 0, 7, 166.17, 1544591, 141
7611, 53, 46, 108, 1, 0, 0.00%, 19, 0, 7, 165.64, 1545422, 141
7616, 53, 2, 108, 1, 0, 0.00%, 19, 0, 7, 173.89, 1546324, 141
7622, 53, 2, 108, 1, 0, 0.00%, 19, 0, 7, 172.17, 1547215, 141
7627, 53, 69, 108, 1, 0, 0.00%, 19, 0, 7, 172.33, 1548107, 141
7632, 53, 46, 108, 1, 0, 0.00%, 19, 0, 7, 167.85, 1548962, 141
7637, 53, 88, 108, 1, 0, 0.00%, 19, 0, 7, 166.23, 1549828, 141
7642, 53, 40, 108, 1, 0, 0.00%, 19, 0, 7, 167.47, 1550666, 141
7647, 53, 69, 108, 1, 0, 0.00%, 19, 0, 7, 180.15, 1551602, 141
7652, 53, 69, 108, 1, 0, 0.00%, 19, 0, 7, 182.15, 1552559, 141
7658, 53, 81, 108, 1, 0, 0.00%, 19, 0, 7, 208.37, 1553657, 141
7663, 53, 13, 108, 1, 0, 0.00%, 19, 0, 7, 224.78, 1554821, 141
7668, 53, 40, 108, 1, 0, 0.00%, 19, 0, 7, 227.70, 1556018, 141
7673, 53, 99, 108, 1, 0, 0.00%, 19, 0, 7, 236.69, 1557245, 141
7678, 53, 25, 108, 1, 0, 0.00%, 19, 0, 7, 234.70, 1558467, 141
7683, 53, 81, 108, 1, 0, 0.00%, 19, 0, 7, 241.90, 1559711, 141
7688, 53, 57, 108, 1, 0, 0.00%, 19, 0, 7, 243.94, 1560956, 141
7694, 53, 54, 108, 1, 0, 0.00%, 19, 0, 7, 240.03, 1562197, 141
7699, 53, 81, 108, 1, 0, 0.00%, 19, 0, 7, 226.77, 1563317, 141
7704, 53, 88, 108, 1, 0, 0.00%, 19, 0, 7, 228.80, 1564516, 141
7709, 53, 66, 108, 1, 0, 0.00%, 19, 0, 7, 230.89, 1565711, 141
7714, 53, 25, 108, 1, 0, 0.00%, 19, 0, 7, 193.56, 1566661, 141
7719, 54, 69, 108, 1, 0, 0.00%, 19, 0, 7, 191.19, 1567636, 141
7724, 54, 66, 108, 1, 0, 0.00%, 19, 0, 7, 184.15, 1568585, 141
7729, 54, 2, 108, 1, 0, 0.00%, 19, 0, 7, 178.78, 1569505, 141
7735, 54, 54, 108, 1, 0, 0.00%, 19, 0, 7, 179.09, 1570439, 141
7740, 54, 25, 108, 1, 0, 0.00%, 19, 0, 7, 179.17, 1571370, 141
7745, 54, 25, 108, 1, 0, 0.00%, 19, 0, 7, 175.17, 1572246, 141
7750, 54, 66, 108, 1, 0, 0.00%, 19, 0, 7, 184.25, 1573204, 141
7755, 54, 2, 108, 1, 0, 0.00%, 19, 0, 7, 182.11, 1574126, 141
7760, 54, 69, 108, 1, 0, 0.00%, 19, 0, 7, 175.30, 1575018, 141
7766, 54, 66, 108, 1, 0, 0.00%, 19, 0, 7, 176.06, 1575939, 141
7771, 54, 99, 108, 1, 0, 0.00%, 19, 0, 7, 172.20, 1576827, 141
7776, 54, 2, 108, 1, 0, 0.00%, 19, 0, 7, 201.93, 1577890, 141
7781, 54, 85, 108, 1, 0, 0.00%, 19, 0, 7, 226.91, 1579085, 141
7786, 54, 25, 108, 1, 0, 0.00%, 19, 0, 7, 228.24, 1580282, 141
7791, 54, 85, 108, 1, 0, 0.00%, 19, 0, 7, 239.97, 1581542, 141
7796, 54, 82, 108, 1, 0, 0.00%, 19, 0, 7, 228.39, 1582692, 141
7802, 54, 13, 108, 1, 0, 0.00%, 19, 0, 7, 226.73, 1583849, 141
7807, 54, 61, 108, 1, 0, 0.00%, 19, 0, 7, 225.35, 1585015, 141
7812, 54, 28, 108, 1, 0, 0.00%, 19, 0, 7, 236.05, 1586234, 141
7817, 54, 86, 108, 1, 0, 0.00%, 19, 0, 7, 226.73, 1587377, 141
7822, 54, 67, 108, 1, 0, 0.00%, 19, 0, 7, 224.43, 1588535, 141
7827, 54, 47, 108, 1, 0, 0.00%, 19, 0, 7, 232.78, 1589728, 141
7832, 54, 69, 108, 1, 0, 0.00%, 19, 0, 7, 207.85, 1590776, 141
7837, 54, 99, 108, 1, 0, 0.00%, 19, 0, 7, 183.43, 1591705, 141
7843, 54, 69, 108, 1, 0, 0.00%, 19, 0, 7, 195.20, 1592732, 141
7848, 54, 54, 108, 1, 0, 0.00%, 19, 0, 7, 185.24, 1593683, 141
7853, 55, 13, 108, 1, 0, 0.00%, 19, 0, 7, 181.01, 1594619, 141
7858, 55, 46, 108, 1, 0, 0.00%, 19, 0, 7, 174.13, 1595508, 141
7863, 55, 54, 108, 1, 0, 0.00%, 19, 0, 7, 182.88, 1596465, 141
7868, 55, 40, 108, 1, 0, 0.00%, 19, 0, 7, 179.46, 1597398, 141
7873, 55, 25, 108, 1, 0, 0.00%, 19, 0, 7, 176.18, 1598281, 141
7879, 55, 69, 108, 1, 0, 0.00%, 19, 0, 7, 177.57, 1599191, 141
7884, 55, 62, 108, 1, 0, 0.00%, 19, 0, 7, 176.18, 1600109, 141
7889, 55, 25, 108, 1, 0, 0.00%, 19, 0, 7, 177.24, 1601032, 141
7894, 55, 25, 108, 1, 0, 0.00%, 19, 0, 7, 179.53, 1601953, 141
7899, 55, 54, 108, 1, 0, 0.00%, 19, 0, 7, 219.93, 1603139, 141
7904, 55, 81, 108, 1, 0, 0.00%, 19, 0, 7, 222.43, 1604262, 141
7909, 55, 2, 108, 1, 0, 0.00%, 19, 0, 7, 227.06, 1605460, 141
7915, 55, 88, 108, 1, 0, 0.00%, 19, 0, 7, 222.54, 1606622, 141
7920, 55, 57, 108, 1, 0, 0.00%, 19, 0, 7, 228.55, 1607811, 141
7925, 55, 88, 108, 1, 0, 0.00%, 19, 0, 7, 234.87, 1609021, 141
7930, 55, 99, 108, 1, 0, 0.00%, 19, 0, 7, 229.71, 1610204, 141
7935, 55, 2, 108, 1, 0, 0.00%, 19, 0, 7, 234.68, 1611413, 141
7941, 55, 25, 108, 1, 0, 0.00%, 19, 0, 7, 231.93, 1612616, 141
7946, 55, 85, 108, 1, 0, 0.00%, 19, 0, 7, 232.49, 1613773, 141
7951, 55, 25, 108, 1, 0, 0.00%, 19, 0, 7, 224.07, 1614909, 141
7956, 55, 54, 108, 1, 0, 0.00%, 19, 0, 7, 194.83, 1615877, 141
7961, 55, 81, 108, 1, 0, 0.00%, 19, 0, 7, 177.31, 1616790, 141
7966, 55, 88, 108, 1, 0, 0.00%, 19, 0, 7, 178.25, 1617722, 141
7971, 55, 91, 108, 1, 0, 0.00%, 19, 0, 7, 172.50, 1618575, 141
7976, 55, 69, 108, 1, 0, 0.00%, 19, 0, 7, 183.21, 1619521, 141
7981, 55, 61, 108, 1, 0, 0.00%, 19, 0, 7, 178.45, 1620430, 141
7987, 55, 85, 108, 1, 0, 0.00%, 19, 0, 7, 180.17, 1621349, 141
7992, 56, 99, 108, 1, 0, 0.00%, 19, 0, 7, 183.78, 1622305, 141
7997, 56, 40, 108, 1, 0, 0.00%, 19, 0, 7, 178.86, 1623234, 141
8002, 56, 2, 108, 1, 0, 0.00%, 19, 0, 7, 175.43, 1624116, 141
8007, 56, 25, 108, 1, 0, 0.00%, 19, 0, 7, 178.09, 1625014, 141
8012, 56, 25, 108, 1, 0, 0.00%, 19, 0, 7, 177.98, 1625948, 141
8017, 56, 69, 108, 1, 0, 0.00%, 19, 0, 7, 218.74, 1627069, 141
8022, 56, 85, 108, 1, 0, 0.00%, 19, 0, 7, 231.49, 1628232, 141
8028, 56, 57, 108, 1, 0, 0.00%, 19, 0, 7, 236.69, 1629468, 141
8033, 56, 66, 108, 1, 0, 0.00%, 19, 0, 7, 246.11, 1630727, 141
8038, 56, 7, 108, 1, 0, 0.00%, 19, 0, 7, 245.99, 1631937, 141
8043, 56, 88, 108, 0, 0, 0.00%, 19, 0, 7, 229.97, 1633107, 141
8048, 56, 57, 108, 0, 0, 0.00%, 19, 0, 7, 235.36, 1634335, 141
8053, 56, 99, 108, 0, 0, 0.00%, 19, 0, 7, 233.22, 1635549, 141
8058, 56, 66, 108, 0, 0, 0.00%, 19, 0, 7, 232.74, 1636759, 141
8064, 56, 40, 108, 0, 0, 0.00%, 19, 0, 7, 237.82, 1637999, 141
8069, 56, 99, 108, 0, 0, 0.00%, 19, 0, 7, 234.23, 1639169, 141
8074, 56, 69, 108, 0, 0, 0.00%, 19, 0, 7, 202.97, 1640177, 141
8079, 56, 66, 108, 0, 0, 0.00%, 19, 0, 7, 188.38, 1641125, 141
8084, 56, 54, 108, 0, 0, 0.00%, 19, 0, 7, 181.76, 1642052, 141
8089, 56, 85, 108, 0, 0, 0.00%, 19, 0, 7, 180.29, 1642971, 141
8094, 56, 54, 108, 0, 0, 0.00%, 19, 0, 7, 174.10, 1643888, 141
8100, 56, 66, 108, 0, 0, 0.00%, 19, 0, 7, 173.82, 1644793, 141
8105, 56, 69, 108, 0, 0, 0.00%, 19, 0, 7, 175.71, 1645668, 141
8110, 56, 25, 108, 0, 0, 0.00%, 19, 0, 7, 130.86, 1646314, 141
8115, 56, 67, 108, 0, 0, 0.00%, 19, 0, 7, 171.48, 1647203, 141
8116, 56, 64, 108, 0, 0, 0.00%, 19, 0, 7, 174.99, 1647477, 141
