# relative_time, cycles_done, cur_item, corpus_count, pending_total, pending_favs, map_size, saved_crashes, saved_hangs, max_depth, execs_per_sec, total_execs, edges_found
61, 0, 52, 86, 72, 0, 0.27%, 10, 0, 4, 1103.01, 44101, 175
66, 1, 74, 86, 71, 0, 0.27%, 10, 0, 4, 1014.04, 48921, 175
71, 1, 26, 86, 71, 0, 0.27%, 10, 0, 4, 623.42, 51948, 175
77, 1, 63, 86, 69, 0, 0.27%, 10, 0, 4, 853.45, 56746, 175
82, 1, 69, 86, 68, 0, 0.27%, 10, 0, 4, 839.05, 60572, 175
87, 1, 68, 87, 68, 0, 0.27%, 10, 0, 4, 922.77, 65692, 176
92, 1, 85, 87, 65, 0, 0.27%, 10, 0, 4, 614.83, 68355, 176
97, 1, 52, 87, 65, 0, 0.27%, 11, 0, 4, 878.13, 73380, 176
102, 1, 82, 87, 64, 0, 0.27%, 11, 0, 4, 915.37, 78292, 176
107, 2, 52, 87, 62, 0, 0.27%, 11, 0, 4, 613.01, 81239, 176
112, 2, 16, 87, 60, 0, 0.27%, 11, 0, 4, 873.31, 86021, 176
118, 2, 86, 87, 57, 0, 0.27%, 11, 0, 4, 807.78, 90188, 176
123, 2, 53, 87, 56, 0, 0.27%, 11, 0, 4, 836.77, 94463, 176
128, 2, 18, 87, 54, 0, 0.27%, 11, 0, 4, 702.96, 97190, 176
133, 2, 63, 87, 54, 0, 0.27%, 11, 0, 4, 868.58, 102071, 176
138, 3, 0, 87, 53, 0, 0.27%, 11, 0, 4, 802.83, 105868, 176
143, 3, 40, 87, 52, 0, 0.27%, 11, 0, 4, 892.36, 110023, 176
148, 3, 63, 87, 51, 0, 0.27%, 11, 0, 4, 945.11, 115350, 176
153, 3, 86, 88, 50, 0, 0.28%, 11, 0, 4, 743.70, 118901, 181
158, 3, 88, 91, 52, 0, 0.28%, 12, 0, 5, 867.30, 123399, 181
163, 3, 89, 91, 51, 0, 0.28%, 13, 0, 5, 921.52, 128266, 181
168, 3, 89, 91, 51, 0, 0.28%, 13, 0, 5, 941.96, 133018, 181
174, 3, 23, 92, 52, 0, 0.28%, 13, 0, 6, 890.67, 137778, 181
179, 3, 64, 92, 49, 0, 0.28%, 13, 0, 6, 915.36, 142509, 181
184, 3, 31, 92, 49, 0, 0.28%, 14, 0, 6, 651.21, 145907, 181
189, 3, 81, 92, 47, 0, 0.28%, 14, 0, 6, 695.35, 149003, 181
194, 4, 62, 92, 44, 0, 0.28%, 14, 0, 6, 626.96, 152413, 181
199, 4, 63, 92, 43, 0, 0.28%, 14, 0, 6, 452.10, 154183, 181
204, 4, 85, 92, 42, 0, 0.28%, 14, 0, 6, 815.40, 158855, 181
209, 4, 41, 92, 42, 0, 0.28%, 14, 0, 6, 675.41, 162489, 181
214, 4, 89, 92, 41, 0, 0.28%, 14, 0, 6, 903.19, 167138, 181
220, 4, 65, 92, 41, 0, 0.28%, 14, 0, 6, 1060.27, 173074, 181
225, 4, 83, 92, 40, 0, 0.28%, 14, 0, 6, 853.31, 176830, 181
230, 5, 35, 92, 40, 0, 0.28%, 14, 0, 6, 744.76, 180909, 181
235, 5, 3, 92, 38, 0, 0.28%, 14, 0, 6, 692.65, 184401, 181
240, 5, 63, 92, 37, 0, 0.28%, 14, 0, 6, 845.32, 188601, 181
245, 5, 83, 92, 37, 0, 0.28%, 14, 0, 6, 931.35, 193643, 181
250, 5, 74, 92, 37, 0, 0.28%, 14, 0, 6, 227.38, 198641, 181
255, 5, 63, 92, 36, 0, 0.28%, 14, 0, 6, 846.24, 203798, 181
261, 6, 92, 94, 37, 0, 0.28%, 15, 0, 6, 598.89, 208164, 182
266, 6, 47, 94, 37, 0, 0.28%, 15, 0, 6, 561.30, 211532, 182
271, 6, 65, 94, 36, 0, 0.28%, 15, 0, 6, 377.04, 212975, 182
276, 6, 92, 94, 34, 0, 0.28%, 15, 0, 6, 970.72, 218553, 182
281, 6, 0, 94, 32, 0, 0.28%, 15, 0, 6, 819.88, 222827, 182
286, 6, 0, 94, 31, 0, 0.28%, 15, 0, 6, 442.34, 228237, 182
292, 6, 78, 94, 30, 0, 0.28%, 15, 0, 6, 625.67, 231371, 182
297, 7, 92, 94, 29, 0, 0.28%, 15, 0, 6, 1000.17, 236179, 182
302, 7, 64, 94, 28, 0, 0.28%, 15, 0, 6, 589.56, 238643, 182
307, 7, 74, 94, 28, 0, 0.28%, 15, 0, 6, 919.30, 243669, 182
312, 7, 92, 94, 28, 0, 0.28%, 15, 0, 6, 979.44, 248618, 182
317, 7, 89, 95, 29, 0, 0.28%, 15, 0, 6, 930.17, 253401, 182
322, 7, 91, 95, 28, 0, 0.28%, 15, 0, 6, 954.02, 258461, 182
327, 7, 91, 100, 33, 0, 0.29%, 15, 0, 7, 899.59, 262868, 187
332, 7, 98, 103, 33, 0, 0.29%, 16, 0, 8, 927.09, 267609, 187
337, 7, 98, 103, 32, 0, 0.29%, 16, 0, 8, 852.63, 271810, 187
342, 7, 101, 105, 34, 0, 0.29%, 16, 0, 9, 933.73, 276644, 187
348, 7, 18, 105, 34, 0, 0.29%, 17, 0, 9, 956.17, 281360, 187
353, 8, 98, 105, 33, 0, 0.29%, 17, 0, 9, 777.17, 284880, 187
358, 8, 101, 107, 35, 0, 0.29%, 17, 0, 9, 859.98, 289482, 187
363, 8, 50, 107, 35, 0, 0.29%, 17, 0, 9, 586.35, 292572, 187
368, 8, 19, 107, 33, 0, 0.29%, 17, 0, 9, 689.45, 295905, 187
373, 8, 74, 107, 30, 0, 0.29%, 17, 0, 9, 892.41, 300445, 187
378, 8, 92, 107, 29, 0, 0.29%, 17, 0, 9, 971.06, 305380, 187
383, 8, 103, 107, 28, 0, 0.29%, 17, 0, 9, 1320.78, 310259, 187
388, 8, 103, 107, 27, 0, 0.29%, 17, 0, 9, 980.68, 314536, 187
394, 8, 103, 107, 27, 0, 0.29%, 17, 0, 9, 971.55, 319540, 187
399, 9, 103, 107, 27, 0, 0.29%, 17, 0, 9, 1061.75, 324975, 187
404, 9, 98, 107, 26, 0, 0.29%, 17, 0, 9, 941.33, 329708, 187
409, 9, 103, 107, 26, 0, 0.29%, 17, 0, 9, 960.97, 334569, 187
414, 9, 98, 107, 26, 0, 0.29%, 17, 0, 9, 998.25, 339799, 187
419, 9, 14, 107, 26, 0, 0.29%, 17, 0, 9, 843.86, 344237, 187
424, 9, 34, 107, 25, 0, 0.29%, 17, 0, 9, 526.94, 346550, 187
429, 9, 92, 107, 23, 0, 0.29%, 17, 0, 9, 767.81, 350273, 187
434, 10, 98, 107, 23, 0, 0.29%, 17, 0, 9, 978.68, 355474, 187
440, 10, 0, 107, 23, 0, 0.29%, 17, 0, 9, 630.73, 360060, 187
445, 10, 103, 107, 23, 0, 0.29%, 17, 0, 9, 974.24, 365370, 187
450, 10, 85, 107, 23, 0, 0.29%, 17, 0, 9, 988.26, 370086, 187
455, 10, 98, 107, 23, 0, 0.29%, 17, 0, 9, 1016.25, 375229, 187
460, 10, 18, 107, 23, 0, 0.29%, 17, 0, 9, 930.41, 379794, 187
465, 10, 103, 107, 23, 0, 0.29%, 17, 0, 9, 925.82, 384687, 187
470, 11, 92, 107, 23, 0, 0.29%, 17, 0, 9, 944.68, 389384, 187
475, 11, 85, 107, 23, 0, 0.29%, 17, 0, 9, 992.63, 394602, 187
480, 11, 83, 107, 23, 0, 0.29%, 17, 0, 9, 852.26, 399030, 187
485, 11, 103, 107, 23, 0, 0.29%, 17, 0, 9, 644.31, 401920, 187
491, 11, 74, 107, 23, 0, 0.29%, 17, 0, 9, 487.59, 405342, 187
496, 11, 65, 107, 23, 0, 0.29%, 17, 0, 9, 741.83, 409295, 187
501, 11, 105, 107, 23, 0, 0.29%, 17, 0, 9, 808.99, 413572, 187
506, 12, 83, 108, 22, 0, 0.29%, 17, 0, 10, 816.22, 417515, 187
511, 12, 57, 108, 22, 0, 0.29%, 17, 0, 10, 769.42, 421550, 187
516, 12, 57, 108, 22, 0, 0.29%, 17, 0, 10, 330.18, 422590, 187
521, 12, 98, 108, 21, 0, 0.29%, 17, 0, 10, 493.92, 424690, 187
526, 12, 103, 108, 21, 0, 0.29%, 17, 0, 10, 868.09, 429700, 187
531, 12, 103, 108, 21, 0, 0.29%, 17, 0, 10, 933.38, 434384, 187
536, 12, 0, 109, 21, 0, 0.29%, 17, 0, 10, 237.61, 440129, 189
542, 12, 98, 109, 21, 0, 0.29%, 17, 0, 10, 1114.11, 445680, 189
547, 12, 40, 109, 21, 0, 0.29%, 17, 0, 10, 932.18, 450437, 189
552, 12, 103, 109, 21, 0, 0.29%, 17, 0, 10, 1015.22, 455743, 189
557, 13, 103, 109, 21, 0, 0.29%, 17, 0, 10, 962.27, 460625, 189
562, 13, 83, 109, 21, 0, 0.29%, 17, 0, 10, 1041.80, 465758, 189
567, 13, 103, 109, 21, 0, 0.29%, 17, 0, 10, 1089.97, 471521, 189
572, 13, 108, 109, 21, 0, 0.29%, 17, 0, 10, 1153.35, 477340, 189
577, 13, 92, 109, 21, 0, 0.29%, 18, 0, 10, 467.00, 483021, 189
582, 13, 64, 109, 21, 0, 0.29%, 18, 0, 10, 1070.05, 489215, 189
588, 13, 103, 109, 21, 0, 0.29%, 18, 0, 10, 1117.12, 495125, 189
593, 14, 92, 109, 21, 0, 0.29%, 18, 0, 10, 1050.56, 500440, 189
598, 14, 36, 109, 21, 0, 0.29%, 18, 0, 10, 611.54, 503506, 189
603, 14, 92, 109, 20, 0, 0.29%, 18, 0, 10, 780.62, 506718, 189
608, 14, 108, 109, 20, 0, 0.29%, 18, 0, 10, 924.47, 511502, 189
613, 14, 92, 109, 20, 0, 0.29%, 18, 0, 10, 1096.41, 517237, 189
618, 14, 98, 109, 20, 0, 0.29%, 18, 0, 10, 1039.50, 522583, 189
624, 14, 98, 110, 20, 0, 0.29%, 18, 0, 10, 972.37, 527623, 189
629, 14, 48, 110, 19, 0, 0.29%, 18, 0, 10, 626.88, 530768, 189
634, 15, 108, 110, 17, 0, 0.29%, 18, 0, 10, 1001.56, 536366, 189
639, 15, 98, 110, 16, 0, 0.29%, 18, 0, 10, 865.46, 540550, 189
644, 15, 83, 110, 16, 0, 0.29%, 18, 0, 10, 1055.68, 546068, 189
649, 15, 108, 111, 17, 0, 0.29%, 18, 0, 10, 1110.98, 551949, 189
654, 15, 103, 111, 16, 0, 0.29%, 18, 0, 10, 991.11, 556826, 189
659, 15, 98, 111, 15, 0, 0.29%, 18, 0, 10, 948.94, 561525, 189
665, 15, 86, 112, 16, 0, 0.29%, 18, 0, 10, 1010.44, 566878, 189
670, 15, 64, 113, 16, 0, 0.29%, 18, 0, 10, 930.65, 571638, 189
675, 16, 103, 113, 16, 0, 0.29%, 18, 0, 10, 950.32, 576566, 189
680, 16, 64, 113, 16, 0, 0.29%, 18, 0, 10, 1044.78, 582041, 189
685, 16, 103, 113, 15, 0, 0.29%, 18, 0, 10, 1024.38, 587256, 189
690, 16, 103, 115, 17, 0, 0.29%, 18, 0, 10, 936.15, 591996, 189
695, 16, 33, 116, 18, 0, 0.29%, 18, 0, 10, 969.03, 596889, 189
701, 16, 92, 116, 18, 0, 0.29%, 18, 0, 10, 1074.37, 602530, 189
706, 17, 0, 116, 18, 0, 0.29%, 18, 0, 10, 1005.65, 607948, 189
711, 17, 103, 117, 19, 0, 0.29%, 18, 0, 10, 1179.96, 612483, 189
716, 17, 103, 117, 19, 0, 0.29%, 18, 0, 10, 1079.77, 617821, 189
721, 17, 0, 118, 20, 0, 0.29%, 18, 0, 10, 1061.73, 623289, 189
726, 17, 103, 119, 21, 0, 0.29%, 18, 0, 10, 1023.41, 628459, 189
731, 17, 108, 119, 20, 0, 0.29%, 18, 0, 10, 1070.65, 634064, 189
737, 17, 113, 119, 20, 0, 0.29%, 18, 0, 10, 1106.25, 639493, 189
742, 17, 92, 120, 19, 0, 0.29%, 18, 0, 11, 989.32, 644256, 189
747, 18, 103, 120, 18, 0, 0.29%, 18, 0, 11, 1104.18, 649927, 189
752, 18, 95, 121, 19, 0, 0.29%, 18, 0, 11, 1070.11, 655412, 189
757, 18, 0, 121, 19, 0, 0.29%, 18, 0, 11, 985.58, 660464, 189
762, 18, 103, 121, 19, 0, 0.29%, 18, 0, 11, 1126.02, 666267, 189
767, 18, 103, 121, 19, 0, 0.29%, 18, 0, 11, 969.33, 670991, 189
772, 18, 120, 121, 19, 0, 0.29%, 18, 0, 11, 458.66, 672837, 189
777, 18, 108, 122, 19, 0, 0.29%, 18, 0, 11, 843.83, 676915, 189
783, 18, 115, 122, 19, 0, 0.29%, 18, 0, 11, 1045.95, 682596, 189
788, 19, 121, 124, 20, 0, 0.29%, 18, 0, 11, 1048.57, 688223, 189
793, 19, 86, 124, 19, 0, 0.29%, 18, 0, 11, 1000.26, 693404, 189
798, 19, 92, 124, 19, 0, 0.29%, 18, 0, 11, 984.40, 698205, 189
803, 19, 18, 125, 20, 0, 0.29%, 18, 0, 11, 1049.34, 703415, 189
808, 19, 40, 125, 20, 0, 0.29%, 18, 0, 11, 954.11, 708145, 189
813, 19, 40, 125, 19, 0, 0.29%, 18, 0, 11, 1084.51, 713838, 189
818, 19, 0, 125, 19, 0, 0.29%, 18, 0, 11, 1000.26, 718963, 189
824, 19, 103, 125, 19, 0, 0.29%, 18, 0, 11, 1029.82, 724353, 189
829, 20, 95, 125, 19, 0, 0.29%, 18, 0, 11, 974.09, 729489, 189
834, 20, 64, 125, 19, 0, 0.29%, 18, 0, 11, 1091.30, 735248, 189
839, 20, 92, 125, 19, 0, 0.29%, 18, 0, 11, 959.04, 740624, 189
844, 20, 74, 125, 19, 0, 0.29%, 18, 0, 11, 1029.40, 745889, 189
849, 20, 103, 125, 19, 0, 0.29%, 18, 0, 11, 964.90, 750680, 189
854, 20, 55, 125, 18, 0, 0.29%, 18, 0, 11, 719.71, 754430, 189
860, 20, 40, 125, 17, 0, 0.29%, 18, 0, 11, 992.18, 759883, 189
865, 21, 95, 125, 17, 0, 0.29%, 18, 0, 11, 1148.27, 766249, 189
870, 21, 83, 125, 17, 0, 0.29%, 18, 0, 11, 1123.43, 771964, 189
875, 21, 123, 125, 17, 0, 0.29%, 18, 0, 11, 1017.84, 776983, 189
880, 21, 103, 127, 18, 0, 0.29%, 18, 0, 12, 1082.18, 782354, 189
885, 21, 103, 127, 18, 0, 0.29%, 18, 0, 12, 1088.61, 787836, 189
890, 21, 85, 127, 18, 0, 0.29%, 18, 0, 12, 1060.17, 793033, 189
896, 21, 86, 127, 18, 0, 0.29%, 18, 0, 12, 1096.46, 798621, 189
901, 21, 95, 127, 18, 0, 0.29%, 18, 0, 12, 1222.73, 804966, 189
906, 22, 103, 127, 18, 0, 0.29%, 18, 0, 12, 1069.60, 810155, 189
911, 22, 103, 127, 18, 0, 0.29%, 18, 0, 12, 1139.19, 815806, 189
916, 22, 86, 127, 18, 0, 0.29%, 18, 0, 12, 1078.83, 821262, 189
921, 22, 92, 127, 18, 0, 0.29%, 18, 0, 12, 1090.62, 826918, 189
926, 22, 74, 127, 17, 0, 0.29%, 18, 0, 12, 905.78, 831351, 189
932, 22, 103, 127, 17, 0, 0.29%, 18, 0, 12, 1052.76, 836965, 189
937, 22, 64, 127, 15, 0, 0.29%, 18, 0, 12, 970.46, 841805, 189
942, 23, 85, 127, 15, 0, 0.29%, 18, 0, 12, 963.04, 846559, 189
947, 23, 40, 127, 15, 0, 0.29%, 18, 0, 12, 959.55, 851948, 189
952, 23, 100, 127, 15, 0, 0.29%, 18, 0, 12, 1037.05, 857294, 189
957, 23, 125, 127, 15, 0, 0.29%, 18, 0, 12, 935.04, 861999, 189
962, 23, 111, 128, 14, 0, 0.29%, 18, 0, 13, 1015.72, 867040, 189
967, 23, 109, 128, 13, 0, 0.29%, 18, 0, 13, 822.43, 871319, 189
972, 23, 108, 128, 12, 0, 0.29%, 18, 0, 13, 513.40, 873091, 189
977, 23, 18, 128, 12, 0, 0.29%, 18, 0, 13, 965.25, 878763, 189
983, 23, 0, 128, 11, 0, 0.29%, 18, 0, 13, 993.15, 884097, 189
988, 24, 108, 128, 11, 0, 0.29%, 18, 0, 13, 1080.64, 889524, 189
993, 24, 108, 128, 10, 0, 0.29%, 18, 0, 13, 1125.92, 895456, 189
998, 24, 65, 128, 10, 0, 0.29%, 18, 0, 13, 1090.01, 900952, 189
1003, 24, 100, 128, 10, 0, 0.29%, 18, 0, 13, 1122.43, 906872, 189
1008, 24, 0, 128, 10, 0, 0.29%, 18, 0, 13, 1200.89, 913138, 189
1014, 24, 111, 128, 10, 0, 0.29%, 18, 0, 13, 1045.38, 918314, 189
1019, 25, 100, 128, 10, 0, 0.29%, 18, 0, 13, 945.17, 922830, 189
1024, 25, 18, 128, 10, 0, 0.29%, 18, 0, 13, 1129.53, 928861, 189
1029, 25, 0, 128, 10, 0, 0.29%, 18, 0, 13, 1016.04, 934012, 189
1034, 25, 92, 128, 10, 0, 0.29%, 18, 0, 13, 1254.53, 940556, 189
1039, 25, 100, 129, 11, 0, 0.29%, 18, 0, 13, 1046.50, 945967, 189
1044, 25, 100, 129, 11, 0, 0.29%, 18, 0, 13, 1120.69, 951977, 189
1049, 25, 128, 129, 11, 0, 0.29%, 18, 0, 13, 1074.48, 957499, 189
1054, 26, 18, 129, 10, 0, 0.29%, 18, 0, 13, 993.84, 962080, 189
1059, 26, 108, 129, 10, 0, 0.29%, 18, 0, 13, 1134.27, 967852, 189
1065, 26, 100, 129, 10, 0, 0.29%, 18, 0, 13, 1060.94, 973068, 189
1070, 26, 108, 129, 9, 0, 0.29%, 18, 0, 13, 1098.14, 978400, 189
1075, 26, 100, 129, 9, 0, 0.29%, 18, 0, 13, 1078.09, 983697, 189
1080, 26, 58, 129, 9, 0, 0.29%, 18, 0, 13, 925.00, 988404, 189
1085, 26, 92, 129, 8, 0, 0.29%, 18, 0, 13, 774.66, 991336, 189
1090, 26, 42, 129, 8, 0, 0.29%, 18, 0, 13, 615.17, 994735, 189
1095, 26, 67, 129, 7, 0, 0.29%, 18, 0, 13, 666.32, 997510, 189
1100, 27, 100, 129, 7, 0, 0.29%, 18, 0, 13, 947.67, 1002791, 189
1105, 27, 100, 129, 7, 0, 0.29%, 18, 0, 13, 996.52, 1008084, 189
1110, 27, 65, 129, 7, 0, 0.29%, 18, 0, 13, 1038.01, 1013347, 189
1115, 27, 83, 129, 7, 0, 0.29%, 18, 0, 13, 938.61, 1017923, 189
1121, 27, 100, 129, 7, 0, 0.29%, 18, 0, 13, 1113.65, 1023954, 189
1126, 27, 40, 129, 7, 0, 0.29%, 18, 0, 13, 983.70, 1028624, 189
1131, 27, 115, 129, 6, 0, 0.29%, 18, 0, 13, 886.10, 1033205, 189
1136, 27, 85, 129, 6, 0, 0.29%, 18, 0, 13, 959.40, 1038067, 189
1141, 28, 100, 129, 6, 0, 0.29%, 18, 0, 13, 978.00, 1043146, 189
1146, 28, 122, 129, 5, 0, 0.29%, 18, 0, 13, 1248.58, 1048290, 189
1151, 28, 0, 129, 5, 0, 0.29%, 18, 0, 13, 1071.75, 1053679, 189
1157, 28, 110, 129, 5, 0, 0.29%, 18, 0, 13, 967.87, 1058519, 189
1162, 28, 18, 129, 4, 0, 0.29%, 18, 0, 13, 983.62, 1062980, 189
1167, 28, 65, 129, 4, 0, 0.29%, 18, 0, 13, 1065.40, 1068878, 189
1172, 28, 100, 129, 4, 0, 0.29%, 18, 0, 13, 1042.59, 1074017, 189
1177, 29, 121, 129, 4, 0, 0.29%, 18, 0, 13, 975.19, 1078919, 189
1182, 29, 100, 129, 4, 0, 0.29%, 18, 0, 13, 1040.69, 1084274, 189
1187, 29, 100, 129, 4, 0, 0.29%, 18, 0, 13, 1026.31, 1089500, 189
1192, 29, 74, 129, 4, 0, 0.29%, 18, 0, 13, 1025.47, 1094894, 189
1197, 29, 107, 129, 4, 0, 0.29%, 18, 0, 13, 984.36, 1099766, 189
1203, 29, 86, 129, 4, 0, 0.29%, 18, 0, 13, 1028.65, 1105064, 189
1208, 29, 108, 130, 5, 0, 0.29%, 18, 0, 13, 1122.04, 1110774, 189
1213, 29, 65, 130, 5, 0, 0.29%, 18, 0, 13, 1031.85, 1116150, 189
1218, 30, 129, 130, 5, 0, 0.29%, 18, 0, 13, 1101.63, 1122024, 189
1223, 30, 85, 130, 4, 0, 0.29%, 18, 0, 13, 1214.20, 1128080, 189
1228, 30, 40, 130, 4, 0, 0.29%, 18, 0, 13, 1272.85, 1134576, 189
1233, 30, 65, 130, 4, 0, 0.29%, 18, 0, 13, 1159.54, 1140255, 189
1239, 30, 0, 130, 4, 0, 0.29%, 18, 0, 13, 1116.24, 1146142, 189
1244, 31, 92, 130, 4, 0, 0.29%, 18, 0, 13, 1063.29, 1151709, 189
1249, 31, 64, 131, 5, 0, 0.29%, 18, 0, 13, 1104.73, 1157299, 189
1254, 31, 83, 131, 5, 0, 0.29%, 18, 0, 13, 1029.88, 1162817, 189
1259, 31, 86, 131, 4, 0, 0.29%, 18, 0, 13, 1053.04, 1168420, 189
1264, 31, 100, 131, 4, 0, 0.29%, 18, 0, 13, 1110.40, 1174277, 189
1270, 31, 100, 131, 3, 0, 0.29%, 18, 0, 13, 1128.24, 1180250, 189
1275, 31, 83, 131, 3, 0, 0.29%, 18, 0, 13, 1041.26, 1185467, 189
1280, 32, 0, 131, 3, 0, 0.29%, 18, 0, 13, 956.12, 1190344, 189
1285, 32, 64, 131, 3, 0, 0.29%, 18, 0, 13, 1078.76, 1195930, 189
1290, 32, 65, 131, 3, 0, 0.29%, 18, 0, 13, 1117.10, 1201516, 189
1295, 32, 100, 131, 3, 0, 0.29%, 18, 0, 13, 991.10, 1206322, 189
1300, 32, 100, 131, 3, 0, 0.29%, 18, 0, 13, 1030.34, 1211569, 189
1305, 32, 60, 131, 3, 0, 0.29%, 18, 0, 13, 1042.99, 1217233, 189
1310, 32, 64, 131, 2, 0, 0.29%, 18, 0, 13, 741.79, 1220118, 189
1315, 32, 64, 131, 2, 0, 0.29%, 18, 0, 13, 1063.38, 1225842, 189
1321, 33, 83, 131, 2, 0, 0.29%, 18, 0, 13, 1087.46, 1231678, 189
1326, 33, 85, 131, 2, 0, 0.29%, 18, 0, 13, 1180.28, 1237756, 189
1331, 33, 85, 131, 2, 0, 0.29%, 18, 0, 13, 1019.72, 1243007, 189
1336, 33, 18, 131, 2, 0, 0.29%, 18, 0, 13, 1035.27, 1248309, 189
1341, 33, 64, 131, 2, 0, 0.29%, 18, 0, 13, 1028.20, 1253628, 189
1346, 33, 0, 131, 2, 0, 0.29%, 18, 0, 13, 181.82, 1259161, 189
1351, 33, 100, 131, 2, 0, 0.29%, 18, 0, 13, 1103.23, 1264935, 189
1357, 34, 100, 131, 2, 0, 0.29%, 18, 0, 13, 1099.38, 1270370, 189
1362, 34, 74, 131, 2, 0, 0.29%, 18, 0, 13, 1092.08, 1276009, 189
1367, 34, 85, 132, 3, 0, 0.29%, 18, 0, 13, 1129.98, 1281979, 189
1372, 34, 65, 132, 3, 0, 0.29%, 18, 0, 13, 1025.81, 1287266, 189
1377, 34, 83, 132, 3, 0, 0.29%, 18, 0, 13, 995.06, 1292203, 189
1382, 34, 92, 132, 3, 0, 0.29%, 18, 0, 13, 981.44, 1297724, 189
1387, 35, 92, 132, 2, 0, 0.29%, 18, 0, 13, 1134.91, 1303261, 189
1392, 35, 64, 132, 2, 0, 0.29%, 18, 0, 13, 1057.31, 1308416, 189
1398, 35, 100, 132, 2, 0, 0.29%, 18, 0, 13, 1217.83, 1314953, 189
1403, 35, 18, 132, 2, 0, 0.29%, 18, 0, 13, 1102.34, 1320233, 189
1408, 35, 0, 132, 2, 0, 0.29%, 18, 0, 13, 1073.98, 1325666, 189
1413, 35, 40, 132, 2, 0, 0.29%, 18, 0, 13, 961.98, 1330250, 189
1418, 35, 100, 132, 2, 0, 0.29%, 18, 0, 13, 1154.81, 1336391, 189
1423, 36, 85, 132, 2, 0, 0.29%, 18, 0, 13, 1152.22, 1342126, 189
1428, 36, 64, 132, 2, 0, 0.29%, 18, 0, 13, 1060.46, 1347405, 189
1433, 36, 0, 132, 2, 0, 0.29%, 18, 0, 13, 1068.99, 1352763, 189
1438, 36, 127, 132, 2, 0, 0.29%, 18, 0, 13, 1076.42, 1358594, 189
1443, 36, 108, 132, 2, 0, 0.29%, 18, 0, 13, 1049.10, 1363644, 189
1449, 36, 0, 132, 2, 0, 0.29%, 18, 0, 13, 1125.67, 1369358, 189
1454, 36, 64, 132, 2, 0, 0.29%, 18, 0, 13, 1129.63, 1375035, 189
1459, 37, 40, 132, 2, 0, 0.29%, 18, 0, 13, 1218.66, 1381300, 189
1464, 37, 86, 132, 2, 0, 0.29%, 18, 0, 13, 1081.50, 1386672, 189
1469, 37, 125, 132, 2, 0, 0.29%, 18, 0, 13, 1024.90, 1391931, 189
1474, 37, 100, 132, 2, 0, 0.29%, 18, 0, 13, 992.89, 1397037, 189
1479, 37, 100, 132, 2, 0, 0.29%, 18, 0, 13, 1119.46, 1402627, 189
1485, 37, 100, 132, 2, 0, 0.29%, 18, 0, 13, 1085.34, 1408295, 189
1490, 37, 86, 132, 2, 0, 0.29%, 18, 0, 13, 989.54, 1413609, 189
1495, 38, 100, 132, 2, 0, 0.29%, 18, 0, 13, 1073.87, 1418760, 189
1500, 38, 100, 132, 2, 0, 0.29%, 18, 0, 13, 1227.80, 1425026, 189
1505, 38, 83, 132, 2, 0, 0.29%, 18, 0, 13, 1200.75, 1431215, 189
1510, 38, 100, 132, 2, 0, 0.29%, 18, 0, 13, 1025.59, 1436483, 189
1515, 38, 0, 132, 2, 0, 0.29%, 18, 0, 13, 1097.41, 1442098, 189
1520, 38, 111, 132, 2, 0, 0.29%, 18, 0, 13, 961.55, 1447470, 189
1525, 39, 64, 132, 2, 0, 0.29%, 18, 0, 13, 975.62, 1452321, 189
1531, 39, 40, 132, 2, 0, 0.29%, 18, 0, 13, 1100.16, 1457966, 189
1536, 39, 64, 132, 2, 0, 0.29%, 18, 0, 13, 1080.73, 1463181, 189
1541, 39, 65, 132, 2, 0, 0.29%, 18, 0, 13, 1102.36, 1469096, 189
1546, 39, 0, 133, 3, 0, 0.29%, 18, 0, 13, 1010.53, 1474622, 189
1551, 39, 100, 133, 3, 0, 0.29%, 18, 0, 13, 1049.27, 1479788, 189
1556, 39, 0, 133, 3, 0, 0.29%, 18, 0, 13, 1057.56, 1485209, 189
1561, 40, 108, 133, 3, 0, 0.29%, 18, 0, 13, 1079.46, 1490628, 189
1566, 40, 102, 133, 3, 0, 0.29%, 18, 0, 13, 1041.79, 1496089, 189
1571, 40, 100, 133, 3, 0, 0.29%, 18, 0, 13, 1068.39, 1501511, 189
1576, 40, 58, 133, 2, 0, 0.29%, 18, 0, 13, 993.00, 1506511, 189
1581, 40, 74, 133, 2, 0, 0.29%, 18, 0, 13, 1077.16, 1512031, 189
1586, 40, 100, 133, 2, 0, 0.29%, 18, 0, 13, 1131.83, 1517763, 189
1592, 40, 52, 134, 3, 0, 0.29%, 18, 0, 13, 1062.61, 1523234, 189
1597, 41, 86, 134, 3, 0, 0.29%, 18, 0, 13, 1028.18, 1528415, 189
1602, 41, 85, 134, 3, 0, 0.29%, 18, 0, 13, 1081.75, 1534147, 189
1607, 41, 92, 134, 3, 0, 0.29%, 18, 0, 13, 1131.39, 1540065, 189
1612, 41, 96, 134, 3, 0, 0.29%, 18, 0, 13, 1055.72, 1545308, 189
1617, 41, 0, 134, 3, 0, 0.29%, 18, 0, 13, 1180.76, 1551052, 189
1622, 41, 108, 134, 3, 0, 0.29%, 18, 0, 13, 1257.43, 1556915, 189
1627, 41, 108, 134, 3, 0, 0.29%, 18, 0, 13, 1168.50, 1562833, 189
1633, 42, 132, 134, 3, 0, 0.29%, 18, 0, 13, 1066.01, 1568122, 189
1638, 42, 100, 134, 3, 0, 0.29%, 18, 0, 13, 1103.84, 1573486, 189
1643, 42, 86, 134, 3, 0, 0.29%, 18, 0, 13, 1122.49, 1579021, 189
1648, 42, 100, 134, 3, 0, 0.29%, 18, 0, 13, 1088.62, 1584723, 189
1653, 42, 133, 134, 3, 0, 0.29%, 18, 0, 13, 699.14, 1588151, 189
1658, 42, 100, 134, 2, 0, 0.29%, 18, 0, 13, 862.09, 1592168, 189
1663, 42, 116, 134, 2, 0, 0.29%, 18, 0, 13, 152.00, 1592997, 189
1668, 42, 116, 134, 2, 0, 0.29%, 18, 0, 13, 126.21, 1593622, 189
1673, 42, 100, 134, 1, 0, 0.29%, 18, 0, 13, 820.90, 1595154, 189
1679, 42, 65, 134, 1, 0, 0.29%, 18, 0, 13, 881.19, 1600664, 189
1684, 42, 92, 134, 1, 0, 0.29%, 18, 0, 13, 1099.20, 1606364, 189
1689, 43, 100, 134, 1, 0, 0.29%, 18, 0, 13, 1101.92, 1612053, 189
1694, 43, 74, 134, 1, 0, 0.29%, 18, 0, 13, 1092.24, 1617470, 189
1699, 43, 0, 134, 1, 0, 0.29%, 18, 0, 13, 1069.51, 1622866, 189
1704, 43, 7, 134, 1, 0, 0.29%, 18, 0, 13, 766.01, 1627069, 189
1709, 43, 100, 134, 0, 0, 0.29%, 18, 0, 13, 570.92, 1629058, 189
1714, 43, 100, 134, 0, 0, 0.29%, 18, 0, 13, 898.08, 1633813, 189
1719, 43, 0, 134, 0, 0, 0.29%, 18, 0, 13, 1049.10, 1639716, 189
1724, 43, 100, 134, 0, 0, 0.29%, 18, 0, 13, 1051.97, 1645048, 189
1729, 44, 0, 134, 0, 0, 0.29%, 18, 0, 13, 910.63, 1649600, 189
1734, 44, 85, 134, 0, 0, 0.29%, 18, 0, 13, 1200.97, 1655796, 189
1740, 44, 83, 134, 0, 0, 0.29%, 18, 0, 13, 1222.44, 1661851, 189
1745, 44, 83, 134, 0, 0, 0.29%, 18, 0, 13, 1146.01, 1667675, 189
1750, 44, 64, 134, 0, 0, 0.29%, 18, 0, 13, 1033.89, 1673157, 189
1755, 44, 100, 134, 0, 0, 0.29%, 18, 0, 13, 1000.17, 1678287, 189
1760, 44, 18, 134, 0, 0, 0.29%, 18, 0, 13, 1008.44, 1683354, 189
1765, 45, 0, 134, 0, 0, 0.29%, 18, 0, 13, 1019.57, 1688416, 189
1770, 45, 100, 134, 0, 0, 0.29%, 18, 0, 13, 1130.51, 1694222, 189
1775, 45, 92, 134, 0, 0, 0.29%, 18, 0, 13, 964.69, 1698768, 189
1780, 45, 64, 134, 0, 0, 0.29%, 18, 0, 13, 1180.96, 1704919, 189
1785, 45, 108, 134, 0, 0, 0.29%, 18, 0, 13, 1081.37, 1710241, 189
1790, 45, 65, 134, 0, 0, 0.29%, 18, 0, 13, 1078.47, 1715497, 189
1796, 45, 18, 134, 0, 0, 0.29%, 18, 0, 13, 1007.73, 1720551, 189
1801, 45, 40, 134, 0, 0, 0.29%, 18, 0, 13, 1028.44, 1725475, 189
1806, 46, 83, 134, 0, 0, 0.29%, 18, 0, 13, 1024.48, 1730629, 189
1811, 46, 85, 134, 0, 0, 0.29%, 18, 0, 13, 957.18, 1735595, 189
1816, 46, 83, 134, 0, 0, 0.29%, 18, 0, 13, 1042.88, 1740768, 189
1821, 46, 0, 134, 0, 0, 0.29%, 18, 0, 13, 995.19, 1746622, 189
1826, 46, 0, 134, 0, 0, 0.29%, 18, 0, 13, 994.17, 1751942, 189
1831, 46, 100, 134, 0, 0, 0.29%, 18, 0, 13, 1109.76, 1756928, 189
1836, 46, 100, 134, 0, 0, 0.29%, 18, 0, 13, 1060.63, 1762132, 189
1841, 47, 100, 134, 0, 0, 0.29%, 18, 0, 13, 1097.10, 1767906, 189
1846, 47, 92, 134, 0, 0, 0.29%, 18, 0, 13, 1052.11, 1773380, 189
1852, 47, 100, 134, 0, 0, 0.29%, 18, 0, 13, 1164.36, 1779329, 189
1857, 47, 100, 134, 0, 0, 0.29%, 18, 0, 13, 1080.57, 1784539, 189
1862, 47, 92, 134, 0, 0, 0.29%, 18, 0, 13, 1107.39, 1790210, 189
1867, 47, 92, 134, 0, 0, 0.29%, 18, 0, 13, 1073.51, 1795662, 189
1872, 48, 40, 134, 0, 0, 0.29%, 18, 0, 13, 1133.60, 1801640, 189
1877, 48, 18, 134, 0, 0, 0.29%, 18, 0, 13, 1094.39, 1807064, 189
1882, 48, 83, 134, 0, 0, 0.29%, 18, 0, 13, 1104.40, 1812470, 189
1887, 48, 83, 134, 0, 0, 0.29%, 18, 0, 13, 946.32, 1817287, 189
1892, 48, 40, 134, 0, 0, 0.29%, 18, 0, 13, 980.74, 1822522, 189
1897, 48, 85, 134, 0, 0, 0.29%, 18, 0, 13, 1054.29, 1828092, 189
1903, 48, 108, 134, 0, 0, 0.29%, 18, 0, 13, 1112.00, 1833970, 189
1908, 49, 96, 134, 0, 0, 0.29%, 18, 0, 13, 1051.80, 1839303, 189
1913, 49, 100, 134, 0, 0, 0.29%, 18, 0, 13, 1059.31, 1844955, 189
1918, 49, 64, 134, 0, 0, 0.29%, 18, 0, 13, 1155.20, 1850879, 189
1923, 49, 100, 134, 0, 0, 0.29%, 18, 0, 13, 1051.41, 1856104, 189
1928, 49, 92, 134, 0, 0, 0.29%, 18, 0, 13, 1037.19, 1861407, 189
1933, 49, 133, 134, 0, 0, 0.29%, 18, 0, 13, 915.25, 1865899, 189
1938, 49, 100, 134, 0, 0, 0.29%, 18, 0, 13, 965.11, 1870414, 189
1943, 49, 92, 134, 0, 0, 0.29%, 18, 0, 13, 1066.01, 1875950, 189
1949, 49, 64, 134, 0, 0, 0.29%, 18, 0, 13, 1030.95, 1881450, 189
1954, 50, 65, 134, 0, 0, 0.29%, 18, 0, 13, 1040.68, 1886683, 189
1959, 50, 40, 134, 0, 0, 0.29%, 18, 0, 13, 1025.97, 1892024, 189
1964, 50, 100, 134, 0, 0, 0.29%, 18, 0, 13, 1121.06, 1897977, 189
1969, 50, 0, 134, 0, 0, 0.29%, 18, 0, 13, 1032.16, 1903034, 189
1974, 50, 40, 134, 0, 0, 0.29%, 18, 0, 13, 940.04, 1907741, 189
1979, 50, 64, 134, 0, 0, 0.29%, 18, 0, 13, 1057.10, 1913083, 189
1984, 51, 0, 134, 0, 0, 0.29%, 18, 0, 13, 1026.93, 1918488, 189
1989, 51, 27, 134, 0, 0, 0.29%, 18, 0, 13, 1190.50, 1924886, 189
1994, 51, 0, 134, 0, 0, 0.29%, 18, 0, 13, 833.96, 1929313, 189
1999, 51, 85, 134, 0, 0, 0.29%, 18, 0, 13, 1087.77, 1935016, 189
2005, 51, 74, 134, 0, 0, 0.29%, 18, 0, 13, 1234.04, 1941482, 189
2010, 51, 0, 134, 0, 0, 0.29%, 18, 0, 13, 1083.15, 1946934, 189
2015, 51, 100, 134, 0, 0, 0.29%, 18, 0, 13, 1062.90, 1952085, 189
2020, 52, 64, 134, 0, 0, 0.29%, 18, 0, 13, 1082.70, 1957003, 189
2025, 52, 83, 134, 0, 0, 0.29%, 18, 0, 13, 997.53, 1961823, 189
2030, 52, 74, 134, 0, 0, 0.29%, 18, 0, 13, 950.58, 1966763, 189
2035, 52, 0, 134, 0, 0, 0.29%, 18, 0, 13, 1071.77, 1972530, 189
2040, 52, 100, 134, 0, 0, 0.29%, 18, 0, 13, 1040.34, 1977792, 189
2045, 52, 85, 134, 0, 0, 0.29%, 18, 0, 13, 1072.63, 1983514, 189
2050, 52, 64, 134, 0, 0, 0.29%, 18, 0, 13, 1132.72, 1989269, 189
2056, 53, 0, 134, 0, 0, 0.29%, 18, 0, 13, 1086.19, 1994898, 189
2061, 53, 85, 134, 0, 0, 0.29%, 18, 0, 13, 1177.64, 2000987, 189
2066, 53, 100, 134, 0, 0, 0.29%, 18, 0, 13, 1106.76, 2006752, 189
2071, 53, 100, 134, 0, 0, 0.29%, 18, 0, 13, 1141.54, 2012601, 189
2076, 53, 61, 134, 0, 0, 0.29%, 18, 0, 13, 1145.27, 2018402, 189
2081, 53, 65, 134, 0, 0, 0.29%, 18, 0, 13, 1005.51, 2023416, 189
2087, 53, 63, 134, 0, 0, 0.29%, 18, 0, 13, 1082.60, 2029047, 189
2092, 54, 0, 134, 0, 0, 0.29%, 18, 0, 13, 1057.69, 2034344, 189
2097, 54, 85, 134, 0, 0, 0.29%, 18, 0, 13, 991.44, 2039338, 189
2102, 54, 100, 134, 0, 0, 0.29%, 18, 0, 13, 1077.55, 2045326, 189
2107, 54, 108, 134, 0, 0, 0.29%, 18, 0, 13, 1136.76, 2051309, 189
2112, 54, 92, 134, 0, 0, 0.29%, 18, 0, 13, 1035.34, 2056694, 189
2117, 54, 18, 134, 0, 0, 0.29%, 18, 0, 13, 1050.86, 2062172, 189
2122, 55, 85, 134, 0, 0, 0.29%, 18, 0, 13, 1131.51, 2067758, 189
2128, 55, 83, 134, 0, 0, 0.29%, 18, 0, 13, 1127.31, 2073583, 189
2133, 55, 100, 134, 0, 0, 0.29%, 18, 0, 13, 1173.19, 2079427, 189
2138, 55, 83, 134, 0, 0, 0.29%, 18, 0, 13, 1114.85, 2084828, 189
2143, 55, 100, 134, 0, 0, 0.29%, 18, 0, 13, 1070.72, 2090425, 189
2148, 55, 85, 134, 0, 0, 0.29%, 18, 0, 13, 1008.26, 2095053, 189
2153, 55, 0, 134, 0, 0, 0.29%, 18, 0, 13, 1057.31, 2100536, 189
2158, 56, 100, 134, 0, 0, 0.29%, 18, 0, 13, 1024.48, 2105557, 189
2163, 56, 100, 135, 1, 0, 0.29%, 18, 0, 13, 915.08, 2110089, 189
2168, 56, 0, 135, 1, 0, 0.29%, 18, 0, 13, 1025.88, 2115564, 189
2173, 56, 92, 135, 1, 0, 0.29%, 18, 0, 13, 932.65, 2120379, 189
2178, 56, 0, 135, 1, 0, 0.29%, 18, 0, 13, 1021.22, 2125957, 189
2184, 56, 0, 135, 1, 0, 0.29%, 18, 0, 13, 1095.91, 2131967, 189
2189, 56, 100, 135, 1, 0, 0.29%, 18, 0, 13, 1000.14, 2137220, 189
2194, 57, 134, 135, 1, 0, 0.29%, 18, 0, 13, 1060.90, 2142568, 189
2199, 57, 108, 135, 0, 0, 0.29%, 18, 0, 13, 1017.99, 2147315, 189
2204, 57, 85, 135, 0, 0, 0.29%, 18, 0, 13, 989.42, 2152302, 189
2209, 57, 100, 135, 0, 0, 0.29%, 18, 0, 13, 897.33, 2156899, 189
2214, 57, 108, 135, 0, 0, 0.29%, 18, 0, 13, 960.66, 2161978, 189
2219, 57, 74, 135, 0, 0, 0.29%, 18, 0, 13, 1064.74, 2167142, 189
2224, 57, 108, 135, 0, 0, 0.29%, 18, 0, 13, 405.86, 2172739, 189
2229, 57, 40, 135, 0, 0, 0.29%, 18, 0, 13, 942.72, 2178395, 189
2235, 58, 86, 135, 0, 0, 0.29%, 18, 0, 13, 1051.93, 2184254, 189
2240, 58, 65, 135, 0, 0, 0.29%, 18, 0, 13, 1165.12, 2190407, 189
2245, 58, 100, 135, 0, 0, 0.29%, 18, 0, 13, 1131.15, 2196230, 189
2250, 58, 40, 135, 0, 0, 0.29%, 18, 0, 13, 1072.65, 2201560, 189
2255, 58, 108, 135, 0, 0, 0.29%, 18, 0, 13, 1233.82, 2207915, 189
2260, 58, 100, 135, 0, 0, 0.29%, 18, 0, 13, 1143.93, 2213882, 189
2265, 59, 83, 135, 0, 0, 0.29%, 18, 0, 13, 1129.10, 2219461, 189
2270, 59, 85, 136, 1, 0, 0.29%, 18, 0, 13, 1073.12, 2224973, 189
2276, 59, 135, 136, 1, 0, 0.29%, 18, 0, 13, 742.44, 2228315, 189
2281, 59, 85, 136, 0, 0, 0.29%, 18, 0, 13, 1019.37, 2233855, 189
2286, 59, 83, 136, 0, 0, 0.29%, 18, 0, 13, 1101.30, 2239470, 189
2291, 59, 74, 136, 0, 0, 0.29%, 18, 0, 13, 1080.81, 2244492, 189
2296, 59, 59, 136, 0, 0, 0.29%, 18, 0, 13, 1031.67, 2249495, 189
2301, 59, 64, 136, 0, 0, 0.29%, 18, 0, 13, 1001.58, 2254472, 189
2306, 60, 100, 136, 0, 0, 0.29%, 18, 0, 13, 1142.37, 2260606, 189
2311, 60, 0, 136, 0, 0, 0.29%, 18, 0, 13, 1153.08, 2266286, 189
2317, 60, 92, 136, 0, 0, 0.29%, 18, 0, 13, 1089.84, 2271725, 189
2322, 60, 18, 136, 0, 0, 0.29%, 18, 0, 13, 1130.01, 2277726, 189
2327, 60, 85, 136, 0, 0, 0.29%, 18, 0, 13, 1078.00, 2283186, 189
2332, 60, 85, 136, 0, 0, 0.29%, 18, 0, 13, 1150.90, 2289191, 189
2337, 60, 83, 136, 0, 0, 0.29%, 18, 0, 13, 1121.56, 2294570, 189
2342, 61, 100, 136, 0, 0, 0.29%, 18, 0, 13, 1099.53, 2299977, 189
2347, 61, 92, 136, 0, 0, 0.29%, 18, 0, 13, 1252.17, 2306430, 189
2352, 61, 86, 136, 0, 0, 0.29%, 18, 0, 13, 1138.54, 2312176, 189
2357, 61, 0, 136, 0, 0, 0.29%, 18, 0, 13, 987.70, 2317012, 189
2362, 61, 108, 136, 0, 0, 0.29%, 18, 0, 13, 1076.81, 2322498, 189
2368, 61, 100, 136, 0, 0, 0.29%, 18, 0, 13, 1091.57, 2328148, 189
2373, 62, 100, 136, 0, 0, 0.29%, 18, 0, 13, 972.59, 2333274, 189
2378, 62, 0, 136, 0, 0, 0.29%, 18, 0, 13, 1007.21, 2338472, 189
2383, 62, 40, 136, 0, 0, 0.29%, 18, 0, 13, 1057.86, 2343760, 189
2388, 62, 40, 136, 0, 0, 0.29%, 18, 0, 13, 1162.03, 2349686, 189
2393, 62, 100, 136, 0, 0, 0.29%, 18, 0, 13, 1082.93, 2355227, 189
2398, 62, 100, 136, 0, 0, 0.29%, 18, 0, 13, 1104.38, 2360749, 189
2403, 62, 83, 136, 0, 0, 0.29%, 18, 0, 13, 1059.68, 2366319, 189
2408, 63, 0, 137, 1, 0, 0.29%, 18, 0, 13, 997.40, 2371336, 189
2413, 63, 86, 137, 1, 0, 0.29%, 18, 0, 13, 1002.51, 2376391, 189
2419, 63, 134, 137, 1, 0, 0.29%, 18, 0, 13, 956.85, 2381539, 189
2424, 63, 92, 137, 1, 0, 0.29%, 18, 0, 13, 1082.51, 2386980, 189
2429, 63, 86, 137, 1, 0, 0.29%, 18, 0, 13, 1230.35, 2393144, 189
2434, 63, 64, 137, 1, 0, 0.29%, 18, 0, 13, 1211.53, 2399205, 189
2439, 63, 100, 137, 0, 0, 0.29%, 18, 0, 13, 1119.40, 2404643, 189
2444, 63, 40, 137, 0, 0, 0.29%, 18, 0, 13, 1145.76, 2410439, 189
2449, 64, 100, 137, 0, 0, 0.29%, 18, 0, 13, 1175.89, 2416430, 189
2454, 64, 0, 137, 0, 0, 0.29%, 18, 0, 13, 1061.79, 2421750, 189
2460, 64, 108, 137, 0, 0, 0.29%, 18, 0, 13, 914.44, 2426159, 189
2465, 64, 0, 137, 0, 0, 0.29%, 18, 0, 13, 1100.90, 2431918, 189
2470, 64, 92, 137, 0, 0, 0.29%, 18, 0, 13, 1208.14, 2437878, 189
2475, 64, 100, 137, 0, 0, 0.29%, 18, 0, 13, 1091.88, 2443529, 189
2480, 64, 64, 137, 0, 0, 0.29%, 18, 0, 13, 1204.56, 2449991, 189
2485, 65, 64, 137, 0, 0, 0.29%, 18, 0, 13, 1145.65, 2455725, 189
2491, 65, 85, 137, 0, 0, 0.29%, 18, 0, 13, 1157.06, 2461579, 189
2496, 65, 100, 137, 0, 0, 0.29%, 18, 0, 13, 1166.06, 2467301, 189
2501, 65, 40, 137, 0, 0, 0.29%, 18, 0, 13, 1152.65, 2473163, 189
2506, 65, 108, 137, 0, 0, 0.29%, 18, 0, 13, 1127.39, 2478839, 189
2511, 65, 18, 137, 0, 0, 0.29%, 18, 0, 13, 1169.45, 2484703, 189
2516, 65, 100, 137, 0, 0, 0.29%, 18, 0, 13, 1072.09, 2490055, 189
2521, 66, 85, 137, 0, 0, 0.29%, 18, 0, 13, 1059.86, 2495231, 189
2527, 66, 40, 137, 0, 0, 0.29%, 18, 0, 13, 997.51, 2500434, 189
2532, 66, 83, 137, 0, 0, 0.29%, 18, 0, 13, 964.96, 2505381, 189
2537, 66, 65, 137, 0, 0, 0.29%, 18, 0, 13, 1041.04, 2510862, 189
2542, 66, 85, 137, 0, 0, 0.29%, 18, 0, 13, 1080.65, 2516500, 189
2547, 66, 74, 137, 0, 0, 0.29%, 18, 0, 13, 1112.05, 2522413, 189
2552, 66, 100, 137, 0, 0, 0.29%, 18, 0, 13, 1083.26, 2528067, 189
2557, 67, 100, 137, 0, 0, 0.29%, 18, 0, 13, 1147.94, 2534161, 189
2563, 67, 18, 137, 0, 0, 0.29%, 18, 0, 13, 748.48, 2539270, 189
2568, 67, 74, 137, 0, 0, 0.29%, 18, 0, 13, 1050.17, 2545228, 189
2573, 67, 108, 137, 0, 0, 0.29%, 18, 0, 13, 1112.09, 2550924, 189
2578, 67, 100, 137, 0, 0, 0.29%, 18, 0, 13, 1112.20, 2556697, 189
2583, 67, 40, 137, 0, 0, 0.29%, 18, 0, 13, 1047.25, 2562208, 189
2588, 68, 92, 137, 0, 0, 0.29%, 18, 0, 13, 1206.05, 2568380, 189
2594, 68, 111, 137, 0, 0, 0.29%, 18, 0, 13, 1104.11, 2573845, 189
2599, 68, 85, 137, 0, 0, 0.29%, 18, 0, 13, 1059.32, 2579231, 189
2604, 68, 100, 137, 0, 0, 0.29%, 18, 0, 13, 1049.81, 2584570, 189
2609, 68, 108, 137, 0, 0, 0.29%, 18, 0, 13, 1033.38, 2589909, 189
2614, 68, 83, 137, 0, 0, 0.29%, 18, 0, 13, 1105.89, 2595372, 189
2619, 68, 65, 137, 0, 0, 0.29%, 18, 0, 13, 1053.08, 2600678, 189
2624, 69, 100, 137, 0, 0, 0.29%, 18, 0, 13, 1055.33, 2606337, 189
2629, 69, 40, 137, 0, 0, 0.29%, 18, 0, 13, 950.41, 2611246, 189
2634, 69, 0, 137, 0, 0, 0.29%, 18, 0, 13, 954.28, 2616172, 189
2639, 69, 85, 138, 1, 0, 0.29%, 18, 0, 13, 1098.37, 2622019, 189
2644, 69, 0, 138, 1, 0, 0.29%, 18, 0, 13, 1026.13, 2627484, 189
2649, 69, 86, 138, 0, 0, 0.29%, 18, 0, 13, 871.49, 2631690, 189
2655, 69, 0, 138, 0, 0, 0.29%, 18, 0, 13, 1056.46, 2637317, 189
2660, 69, 100, 138, 0, 0, 0.29%, 18, 0, 13, 1068.69, 2642733, 189
2665, 70, 133, 138, 0, 0, 0.29%, 18, 0, 13, 995.52, 2647756, 189
2670, 70, 64, 138, 0, 0, 0.29%, 18, 0, 13, 980.87, 2652704, 189
2675, 70, 100, 138, 0, 0, 0.29%, 18, 0, 13, 1050.39, 2658170, 189
2680, 70, 100, 138, 0, 0, 0.29%, 18, 0, 13, 1086.30, 2663192, 189
2685, 70, 108, 138, 0, 0, 0.29%, 18, 0, 13, 1073.10, 2668656, 189
2690, 70, 100, 138, 0, 0, 0.29%, 18, 0, 13, 1114.11, 2674282, 189
2695, 70, 41, 138, 0, 0, 0.29%, 18, 0, 13, 1112.61, 2680417, 189
2700, 71, 64, 138, 0, 0, 0.29%, 18, 0, 13, 1104.66, 2685786, 189
2706, 71, 100, 138, 0, 0, 0.29%, 18, 0, 13, 1095.87, 2691322, 189
2711, 71, 100, 138, 0, 0, 0.29%, 18, 0, 13, 1081.54, 2696907, 189
2716, 71, 100, 138, 0, 0, 0.29%, 18, 0, 13, 995.42, 2701698, 189
2721, 71, 40, 138, 0, 0, 0.29%, 18, 0, 13, 1100.22, 2707449, 189
2726, 71, 0, 138, 0, 0, 0.29%, 18, 0, 13, 1058.09, 2712921, 189
2731, 71, 40, 138, 0, 0, 0.29%, 18, 0, 13, 1111.53, 2718563, 189
2736, 71, 83, 138, 0, 0, 0.29%, 18, 0, 13, 1018.42, 2723283, 189
2741, 72, 40, 138, 0, 0, 0.29%, 18, 0, 13, 1084.40, 2729016, 189
2747, 72, 100, 138, 0, 0, 0.29%, 18, 0, 13, 1030.65, 2733925, 189
2752, 72, 64, 138, 0, 0, 0.29%, 18, 0, 13, 1066.43, 2739228, 189
2757, 72, 100, 138, 0, 0, 0.29%, 18, 0, 13, 1191.80, 2745081, 189
2762, 72, 92, 138, 0, 0, 0.29%, 18, 0, 13, 1120.84, 2750725, 189
2767, 72, 100, 138, 0, 0, 0.29%, 18, 0, 13, 994.53, 2755930, 189
2772, 72, 64, 138, 0, 0, 0.29%, 18, 0, 13, 1040.18, 2761426, 189
2777, 73, 74, 138, 0, 0, 0.29%, 18, 0, 13, 1108.49, 2766959, 189
2782, 73, 85, 138, 0, 0, 0.29%, 18, 0, 13, 1125.29, 2772517, 189
2787, 73, 0, 138, 0, 0, 0.29%, 18, 0, 13, 1016.92, 2777982, 189
2793, 73, 86, 138, 0, 0, 0.29%, 18, 0, 13, 1191.09, 2784191, 189
2798, 73, 92, 138, 0, 0, 0.29%, 18, 0, 13, 976.83, 2788935, 189
2803, 73, 83, 138, 0, 0, 0.29%, 18, 0, 13, 1052.33, 2794404, 189
2808, 73, 92, 138, 0, 0, 0.29%, 18, 0, 13, 1078.77, 2800137, 189
2813, 74, 0, 138, 0, 0, 0.29%, 18, 0, 13, 954.29, 2804828, 189
2818, 74, 0, 138, 0, 0, 0.29%, 18, 0, 13, 951.78, 2809959, 189
2823, 74, 86, 138, 0, 0, 0.29%, 18, 0, 13, 1038.64, 2815475, 189
2829, 74, 86, 138, 0, 0, 0.29%, 18, 0, 13, 1114.07, 2821173, 189
2834, 74, 0, 138, 0, 0, 0.29%, 18, 0, 13, 1062.97, 2826313, 189
2839, 74, 65, 138, 0, 0, 0.29%, 18, 0, 13, 996.59, 2831287, 189
2844, 74, 86, 138, 0, 0, 0.29%, 18, 0, 13, 1067.52, 2836968, 189
2849, 75, 83, 138, 0, 0, 0.29%, 18, 0, 13, 1095.21, 2842608, 189
2854, 75, 74, 138, 0, 0, 0.29%, 18, 0, 13, 1090.47, 2848164, 189
2859, 75, 108, 139, 1, 0, 0.29%, 18, 0, 13, 970.36, 2852977, 189
2864, 75, 92, 139, 1, 0, 0.29%, 18, 0, 13, 1036.16, 2858181, 189
2869, 75, 18, 139, 1, 0, 0.29%, 18, 0, 13, 976.57, 2862838, 189
2874, 75, 83, 139, 1, 0, 0.29%, 18, 0, 13, 1070.04, 2868239, 189
2880, 75, 100, 139, 1, 0, 0.29%, 18, 0, 13, 1041.09, 2873726, 189
2885, 75, 100, 139, 1, 0, 0.29%, 18, 0, 13, 1008.33, 2878953, 189
2890, 76, 83, 139, 1, 0, 0.29%, 18, 0, 13, 1146.53, 2884878, 189
2895, 76, 86, 139, 1, 0, 0.29%, 18, 0, 13, 1084.58, 2890354, 189
2900, 76, 85, 139, 1, 0, 0.29%, 18, 0, 13, 1000.93, 2895344, 189
2905, 76, 74, 139, 1, 0, 0.29%, 18, 0, 13, 996.03, 2900268, 189
2910, 76, 83, 139, 1, 0, 0.29%, 18, 0, 13, 1086.10, 2905693, 189
2915, 76, 100, 139, 1, 0, 0.29%, 18, 0, 13, 1116.98, 2911467, 189
2920, 76, 100, 139, 1, 0, 0.29%, 18, 0, 13, 1101.06, 2916932, 189
2925, 77, 65, 139, 1, 0, 0.29%, 18, 0, 13, 1175.70, 2923199, 189
2930, 77, 0, 139, 1, 0, 0.29%, 18, 0, 13, 227.80, 2928619, 189
2936, 77, 92, 139, 1, 0, 0.29%, 18, 0, 13, 1081.51, 2933753, 189
2941, 77, 64, 139, 1, 0, 0.29%, 18, 0, 13, 1177.02, 2939839, 189
2946, 77, 115, 139, 1, 0, 0.29%, 18, 0, 13, 1130.47, 2945801, 189
2951, 77, 85, 139, 1, 0, 0.29%, 18, 0, 13, 1087.80, 2951325, 189
2956, 78, 83, 139, 1, 0, 0.29%, 18, 0, 13, 1108.31, 2957122, 189
2961, 78, 100, 139, 1, 0, 0.29%, 18, 0, 13, 1109.89, 2963088, 189
2966, 78, 65, 139, 1, 0, 0.29%, 18, 0, 13, 1002.93, 2968078, 189
2971, 78, 85, 139, 1, 0, 0.29%, 18, 0, 13, 1134.87, 2973619, 189
2976, 78, 100, 139, 1, 0, 0.29%, 18, 0, 13, 1028.10, 2978995, 189
2981, 78, 65, 139, 1, 0, 0.29%, 18, 0, 13, 964.71, 2983806, 189
2987, 78, 86, 139, 1, 0, 0.29%, 18, 0, 13, 1080.63, 2989370, 189
2992, 79, 100, 139, 1, 0, 0.29%, 18, 0, 13, 1081.42, 2994820, 189
2997, 79, 0, 139, 1, 0, 0.29%, 18, 0, 13, 1138.93, 3000628, 189
3002, 79, 65, 139, 1, 0, 0.29%, 18, 0, 13, 993.37, 3005489, 189
3007, 79, 0, 139, 1, 0, 0.29%, 18, 0, 13, 1043.95, 3011032, 189
3012, 79, 100, 139, 1, 0, 0.29%, 18, 0, 13, 1045.06, 3016652, 189
3017, 79, 100, 139, 1, 0, 0.29%, 18, 0, 13, 1060.69, 3022001, 189
3022, 79, 86, 139, 1, 0, 0.29%, 18, 0, 13, 1124.26, 3027822, 189
3028, 80, 40, 139, 1, 0, 0.29%, 18, 0, 13, 1072.75, 3033118, 189
3033, 80, 83, 139, 1, 0, 0.29%, 18, 0, 13, 1146.30, 3039070, 189
3038, 80, 100, 139, 1, 0, 0.29%, 18, 0, 13, 1169.73, 3045137, 189
3043, 80, 92, 139, 1, 0, 0.29%, 18, 0, 13, 1108.44, 3050825, 189
3048, 80, 83, 139, 1, 0, 0.29%, 18, 0, 13, 1125.38, 3056651, 189
3053, 80, 18, 139, 1, 0, 0.29%, 18, 0, 13, 1088.50, 3062273, 189
3058, 80, 100, 139, 1, 0, 0.29%, 18, 0, 13, 1199.24, 3067762, 189
3063, 81, 83, 139, 1, 0, 0.29%, 18, 0, 13, 1174.78, 3073607, 189
3069, 81, 100, 139, 1, 0, 0.29%, 18, 0, 13, 740.42, 3078357, 189
3074, 81, 137, 139, 1, 0, 0.29%, 18, 0, 13, 944.45, 3083653, 189
3079, 81, 100, 139, 1, 0, 0.29%, 18, 0, 13, 998.57, 3088692, 189
3084, 81, 108, 139, 1, 0, 0.29%, 18, 0, 13, 1049.95, 3094164, 189
3089, 81, 64, 139, 1, 0, 0.29%, 18, 0, 13, 1031.60, 3099624, 189
3094, 81, 86, 139, 1, 0, 0.29%, 18, 0, 13, 1045.60, 3104967, 189
3099, 81, 108, 139, 1, 0, 0.29%, 18, 0, 13, 1050.77, 3110232, 189
3104, 82, 92, 139, 1, 0, 0.29%, 18, 0, 13, 1129.91, 3115833, 189
3109, 82, 40, 139, 1, 0, 0.29%, 18, 0, 13, 1187.21, 3121652, 189
3114, 82, 0, 139, 1, 0, 0.29%, 18, 0, 13, 892.84, 3126971, 189
3120, 82, 134, 139, 1, 0, 0.29%, 18, 0, 13, 957.30, 3131837, 189
3125, 82, 100, 139, 1, 0, 0.29%, 18, 0, 13, 964.05, 3136870, 189
3130, 82, 115, 139, 1, 0, 0.29%, 18, 0, 13, 952.02, 3141575, 189
3135, 82, 0, 139, 1, 0, 0.29%, 18, 0, 13, 999.99, 3146919, 189
3140, 83, 100, 139, 1, 0, 0.29%, 18, 0, 13, 1159.96, 3152808, 189
3145, 83, 83, 139, 1, 0, 0.29%, 18, 0, 13, 1059.83, 3158211, 189
3150, 83, 138, 139, 1, 0, 0.29%, 18, 0, 13, 800.76, 3162582, 189
3156, 83, 108, 139, 0, 0, 0.29%, 18, 0, 13, 860.77, 3166310, 189
3161, 83, 100, 139, 0, 0, 0.29%, 18, 0, 13, 978.72, 3171488, 189
3166, 83, 108, 139, 0, 0, 0.29%, 18, 0, 13, 973.74, 3176612, 189
3171, 83, 100, 139, 0, 0, 0.29%, 18, 0, 13, 1052.11, 3181572, 189
3176, 83, 65, 139, 0, 0, 0.29%, 18, 0, 13, 988.91, 3186711, 189
3181, 83, 65, 139, 0, 0, 0.29%, 18, 0, 13, 997.22, 3192002, 189
3186, 84, 85, 139, 0, 0, 0.29%, 18, 0, 13, 1106.30, 3197739, 189
3191, 84, 108, 139, 0, 0, 0.29%, 18, 0, 13, 1113.65, 3203542, 189
3197, 84, 86, 139, 0, 0, 0.29%, 18, 0, 13, 1066.07, 3208951, 189
3202, 84, 100, 139, 0, 0, 0.29%, 18, 0, 13, 1052.10, 3214236, 189
3207, 84, 18, 139, 0, 0, 0.29%, 18, 0, 13, 1080.41, 3219607, 189
3212, 84, 136, 139, 0, 0, 0.29%, 18, 0, 13, 964.29, 3224553, 189
3217, 84, 100, 139, 0, 0, 0.29%, 18, 0, 13, 924.09, 3229057, 189
3222, 84, 0, 139, 0, 0, 0.29%, 18, 0, 13, 1030.97, 3234665, 189
3227, 85, 100, 139, 0, 0, 0.29%, 18, 0, 13, 992.82, 3239804, 189
3233, 85, 108, 139, 0, 0, 0.29%, 18, 0, 13, 975.34, 3244848, 189
3238, 85, 108, 139, 0, 0, 0.29%, 18, 0, 13, 975.52, 3249789, 189
3243, 85, 40, 139, 0, 0, 0.29%, 18, 0, 13, 1021.72, 3255012, 189
3248, 85, 108, 139, 0, 0, 0.29%, 18, 0, 13, 1013.59, 3260012, 189
3253, 85, 0, 139, 0, 0, 0.29%, 18, 0, 13, 980.67, 3265445, 189
3258, 85, 100, 139, 0, 0, 0.29%, 18, 0, 13, 868.06, 3269828, 189
3263, 86, 118, 139, 0, 0, 0.29%, 18, 0, 13, 1012.18, 3275306, 189
3268, 86, 18, 139, 0, 0, 0.29%, 18, 0, 13, 1056.29, 3280547, 189
3273, 86, 100, 139, 0, 0, 0.29%, 18, 0, 13, 1100.86, 3286001, 189
3278, 86, 0, 139, 0, 0, 0.29%, 18, 0, 13, 1104.63, 3291706, 189
3284, 86, 83, 139, 0, 0, 0.29%, 18, 0, 13, 1109.41, 3297092, 189
3289, 86, 100, 139, 0, 0, 0.29%, 18, 0, 13, 1038.86, 3302150, 189
3294, 86, 137, 139, 0, 0, 0.29%, 18, 0, 13, 923.28, 3306752, 189
3299, 86, 100, 139, 0, 0, 0.29%, 18, 0, 13, 1011.08, 3312065, 189
3304, 86, 103, 139, 0, 0, 0.29%, 18, 0, 13, 1065.40, 3317294, 189
3309, 87, 86, 139, 0, 0, 0.29%, 18, 0, 13, 1074.72, 3322789, 189
3314, 87, 108, 139, 0, 0, 0.29%, 18, 0, 13, 1121.71, 3328452, 189
3319, 87, 0, 139, 0, 0, 0.29%, 18, 0, 13, 1030.68, 3333787, 189
3324, 87, 100, 139, 0, 0, 0.29%, 18, 0, 13, 1029.75, 3339077, 189
3329, 87, 0, 139, 0, 0, 0.29%, 18, 0, 13, 1144.84, 3344863, 189
3334, 87, 92, 139, 0, 0, 0.29%, 18, 0, 13, 1025.88, 3350109, 189
3340, 87, 65, 139, 0, 0, 0.29%, 18, 0, 13, 1088.77, 3355869, 189
3345, 88, 40, 139, 0, 0, 0.29%, 18, 0, 13, 1042.47, 3361248, 189
3350, 88, 64, 139, 0, 0, 0.29%, 18, 0, 13, 1050.10, 3366879, 189
3355, 88, 64, 139, 0, 0, 0.29%, 18, 0, 13, 981.20, 3371799, 189
3360, 88, 108, 139, 0, 0, 0.29%, 18, 0, 13, 1100.51, 3377619, 189
3365, 88, 132, 139, 0, 0, 0.29%, 18, 0, 13, 1126.78, 3383379, 189
3370, 88, 113, 139, 0, 0, 0.29%, 18, 0, 13, 1097.02, 3388763, 189
3376, 89, 85, 139, 0, 0, 0.29%, 18, 0, 13, 1151.42, 3394619, 189
3381, 89, 100, 139, 0, 0, 0.29%, 18, 0, 13, 1065.66, 3400150, 189
3386, 89, 90, 139, 0, 0, 0.29%, 18, 0, 13, 984.81, 3405277, 189
3391, 89, 64, 139, 0, 0, 0.29%, 18, 0, 13, 1065.67, 3410916, 189
3396, 89, 0, 139, 0, 0, 0.29%, 18, 0, 13, 1159.85, 3416970, 189
3401, 89, 92, 139, 0, 0, 0.29%, 18, 0, 13, 1285.86, 3423581, 189
3406, 89, 108, 139, 0, 0, 0.29%, 18, 0, 13, 1119.55, 3428992, 189
3411, 90, 64, 139, 0, 0, 0.29%, 18, 0, 13, 1061.16, 3434565, 189
3417, 90, 92, 139, 0, 0, 0.29%, 18, 0, 13, 984.29, 3439400, 189
3422, 90, 0, 139, 0, 0, 0.29%, 18, 0, 13, 885.09, 3444608, 189
3427, 90, 83, 139, 0, 0, 0.29%, 18, 0, 13, 1137.67, 3450746, 189
3432, 90, 100, 139, 0, 0, 0.29%, 18, 0, 13, 1125.95, 3456691, 189
3437, 90, 85, 139, 0, 0, 0.29%, 18, 0, 13, 1079.41, 3461974, 189
3442, 90, 100, 139, 0, 0, 0.29%, 18, 0, 13, 975.42, 3467025, 189
3447, 90, 0, 139, 0, 0, 0.29%, 18, 0, 13, 949.67, 3472282, 189
3452, 91, 100, 139, 0, 0, 0.29%, 18, 0, 13, 948.76, 3477015, 189
3458, 91, 40, 139, 0, 0, 0.29%, 18, 0, 13, 1121.17, 3482795, 189
3463, 91, 0, 139, 0, 0, 0.29%, 18, 0, 13, 979.48, 3487675, 189
3468, 91, 100, 139, 0, 0, 0.29%, 18, 0, 13, 1090.59, 3492951, 189
3473, 91, 40, 139, 0, 0, 0.29%, 18, 0, 13, 995.33, 3497898, 189
3478, 91, 100, 139, 0, 0, 0.29%, 18, 0, 13, 1283.41, 3503584, 189
3483, 91, 85, 139, 0, 0, 0.29%, 18, 0, 13, 1044.93, 3508691, 189
3488, 92, 100, 139, 0, 0, 0.29%, 18, 0, 13, 1267.12, 3513267, 189
3493, 92, 0, 139, 0, 0, 0.29%, 18, 0, 13, 1175.09, 3518835, 189
3498, 92, 92, 139, 0, 0, 0.29%, 18, 0, 13, 1023.83, 3524033, 189
3503, 92, 64, 139, 0, 0, 0.29%, 18, 0, 13, 960.45, 3528801, 189
3509, 92, 40, 139, 0, 0, 0.29%, 18, 0, 13, 1155.90, 3535097, 189
3514, 92, 92, 139, 0, 0, 0.29%, 18, 0, 13, 1286.02, 3541614, 189
3519, 93, 0, 139, 0, 0, 0.29%, 19, 0, 13, 1146.35, 3547127, 189
3524, 93, 86, 139, 0, 0, 0.29%, 19, 0, 13, 843.82, 3552215, 189
3529, 93, 100, 139, 0, 0, 0.29%, 19, 0, 13, 1168.11, 3558601, 189
3534, 93, 0, 139, 0, 0, 0.29%, 19, 0, 13, 1032.06, 3564116, 189
3539, 93, 65, 139, 0, 0, 0.29%, 19, 0, 13, 941.18, 3568771, 189
3544, 93, 86, 139, 0, 0, 0.29%, 19, 0, 13, 975.40, 3573930, 189
3549, 93, 40, 139, 0, 0, 0.29%, 19, 0, 13, 1022.28, 3579124, 189
3554, 94, 65, 139, 0, 0, 0.29%, 19, 0, 13, 1013.49, 3584338, 189
3559, 94, 86, 139, 0, 0, 0.29%, 19, 0, 13, 1021.16, 3589743, 189
3564, 94, 100, 139, 0, 0, 0.29%, 19, 0, 13, 1147.56, 3595644, 189
3570, 94, 92, 139, 0, 0, 0.29%, 19, 0, 13, 1235.45, 3601137, 189
3575, 94, 92, 139, 0, 0, 0.29%, 19, 0, 13, 1151.00, 3606784, 189
3580, 94, 100, 139, 0, 0, 0.29%, 19, 0, 13, 1038.30, 3611952, 189
3585, 94, 100, 140, 1, 0, 0.29%, 19, 0, 13, 1079.63, 3617554, 189
3590, 94, 65, 140, 0, 0, 0.29%, 19, 0, 13, 1039.99, 3622978, 189
3595, 95, 83, 140, 0, 0, 0.29%, 19, 0, 13, 987.44, 3628019, 189
3600, 95, 40, 140, 0, 0, 0.29%, 19, 0, 13, 1048.80, 3633574, 189
3605, 95, 74, 140, 0, 0, 0.29%, 19, 0, 13, 1081.88, 3639322, 189
3610, 95, 0, 140, 0, 0, 0.29%, 19, 0, 13, 1017.47, 3644465, 189
3615, 95, 85, 140, 0, 0, 0.29%, 19, 0, 13, 1106.76, 3649812, 189
3621, 95, 100, 140, 0, 0, 0.29%, 19, 0, 13, 1088.53, 3655427, 189
3626, 95, 40, 140, 0, 0, 0.29%, 19, 0, 13, 1026.21, 3660742, 189
3631, 96, 83, 140, 0, 0, 0.29%, 19, 0, 13, 1121.55, 3666473, 189
3636, 96, 100, 140, 0, 0, 0.29%, 19, 0, 13, 1031.51, 3671712, 189
3641, 96, 0, 140, 0, 0, 0.29%, 19, 0, 13, 989.63, 3676494, 189
3646, 96, 100, 140, 0, 0, 0.29%, 19, 0, 13, 1099.84, 3682003, 189
3651, 96, 0, 140, 0, 0, 0.29%, 19, 0, 13, 1149.08, 3688035, 189
3656, 96, 100, 140, 0, 0, 0.29%, 19, 0, 13, 1109.20, 3693523, 189
3662, 96, 100, 140, 0, 0, 0.29%, 19, 0, 13, 1151.19, 3699504, 189
3667, 97, 64, 140, 0, 0, 0.29%, 19, 0, 13, 1101.68, 3705038, 189
3672, 97, 100, 140, 0, 0, 0.29%, 19, 0, 13, 1043.24, 3710213, 189
3677, 97, 85, 140, 0, 0, 0.29%, 19, 0, 13, 1103.37, 3715637, 189
3682, 97, 137, 140, 0, 0, 0.29%, 19, 0, 13, 909.89, 3720088, 189
3687, 97, 40, 140, 0, 0, 0.29%, 19, 0, 13, 1007.75, 3725388, 189
3692, 97, 0, 140, 0, 0, 0.29%, 19, 0, 13, 1115.77, 3730986, 189
3697, 97, 74, 140, 0, 0, 0.29%, 19, 0, 13, 1157.43, 3736938, 189
3702, 98, 65, 140, 0, 0, 0.29%, 19, 0, 13, 1042.60, 3742038, 189
3707, 98, 100, 140, 0, 0, 0.29%, 19, 0, 13, 1153.82, 3748049, 189
3712, 98, 100, 140, 0, 0, 0.29%, 19, 0, 13, 1072.49, 3753271, 189
3717, 98, 139, 141, 1, 0, 0.29%, 19, 0, 13, 943.44, 3758032, 189
3722, 98, 83, 141, 1, 0, 0.29%, 19, 0, 13, 918.14, 3762729, 189
3728, 98, 0, 141, 1, 0, 0.29%, 19, 0, 13, 982.88, 3767877, 189
3733, 98, 140, 141, 1, 0, 0.29%, 19, 0, 13, 1062.96, 3773805, 189
3738, 98, 100, 141, 0, 0, 0.29%, 19, 0, 13, 883.01, 3778081, 189
3743, 98, 100, 141, 0, 0, 0.29%, 19, 0, 13, 1061.78, 3783629, 189
3748, 99, 83, 141, 0, 0, 0.29%, 19, 0, 13, 1094.08, 3789277, 189
3753, 99, 100, 141, 0, 0, 0.29%, 19, 0, 13, 1091.71, 3794861, 189
3758, 99, 85, 141, 0, 0, 0.29%, 19, 0, 13, 1089.48, 3800158, 189
3763, 99, 85, 141, 0, 0, 0.29%, 19, 0, 13, 1200.61, 3806462, 189
3768, 99, 92, 141, 0, 0, 0.29%, 19, 0, 13, 1132.69, 3812218, 189
3773, 99, 108, 141, 0, 0, 0.29%, 19, 0, 13, 1056.94, 3817456, 189
3778, 99, 100, 141, 0, 0, 0.29%, 19, 0, 13, 1149.16, 3823615, 189
3784, 100, 40, 141, 0, 0, 0.29%, 19, 0, 13, 1100.50, 3829281, 189
3789, 100, 86, 141, 0, 0, 0.29%, 19, 0, 13, 1109.44, 3834904, 189
3794, 100, 83, 141, 0, 0, 0.29%, 19, 0, 13, 914.17, 3840194, 189
3799, 100, 108, 141, 0, 0, 0.29%, 19, 0, 13, 1060.45, 3845953, 189
3804, 100, 100, 141, 0, 0, 0.29%, 19, 0, 13, 1057.42, 3851683, 189
3809, 100, 92, 141, 0, 0, 0.29%, 19, 0, 13, 1187.65, 3857768, 189
3814, 100, 100, 141, 0, 0, 0.29%, 19, 0, 13, 1021.57, 3862649, 189
3819, 101, 65, 141, 0, 0, 0.29%, 19, 0, 13, 1065.94, 3868225, 189
3825, 101, 0, 141, 0, 0, 0.29%, 19, 0, 13, 1043.44, 3873816, 189
3830, 101, 40, 141, 0, 0, 0.29%, 19, 0, 13, 1052.10, 3879367, 189
3835, 101, 74, 141, 0, 0, 0.29%, 19, 0, 13, 1042.63, 3884352, 189
3840, 101, 0, 141, 0, 0, 0.29%, 19, 0, 13, 1031.46, 3889562, 189
3845, 101, 18, 141, 0, 0, 0.29%, 19, 0, 13, 1005.03, 3894716, 189
3850, 101, 100, 141, 0, 0, 0.29%, 19, 0, 13, 1078.90, 3900304, 189
3855, 101, 100, 141, 0, 0, 0.29%, 19, 0, 13, 1057.28, 3905689, 189
3860, 102, 83, 141, 0, 0, 0.29%, 19, 0, 13, 1107.21, 3911194, 189
3865, 102, 100, 141, 0, 0, 0.29%, 19, 0, 13, 1129.44, 3917062, 189
3871, 102, 40, 141, 0, 0, 0.29%, 19, 0, 13, 1117.43, 3922785, 189
3876, 102, 100, 141, 0, 0, 0.29%, 19, 0, 13, 1147.07, 3928864, 189
3881, 102, 86, 141, 0, 0, 0.29%, 19, 0, 13, 1122.61, 3934483, 189
3886, 102, 100, 141, 0, 0, 0.29%, 19, 0, 13, 995.14, 3939309, 189
3891, 102, 0, 141, 0, 0, 0.29%, 19, 0, 13, 1037.64, 3944467, 189
3896, 103, 85, 141, 0, 0, 0.29%, 19, 0, 13, 1143.63, 3950549, 189
3902, 103, 64, 141, 0, 0, 0.29%, 19, 0, 13, 1240.21, 3956920, 189
3907, 103, 100, 141, 0, 0, 0.29%, 19, 0, 13, 1104.09, 3962160, 189
3912, 103, 0, 141, 0, 0, 0.29%, 19, 0, 13, 1094.86, 3967823, 189
3917, 103, 64, 141, 0, 0, 0.29%, 19, 0, 13, 1042.45, 3973023, 189
3922, 103, 0, 141, 0, 0, 0.29%, 19, 0, 13, 1003.97, 3978096, 189
3927, 104, 85, 141, 0, 0, 0.29%, 19, 0, 13, 1184.18, 3983985, 189
3932, 104, 100, 141, 0, 0, 0.29%, 19, 0, 13, 1085.12, 3989398, 189
3937, 104, 0, 141, 0, 0, 0.29%, 19, 0, 13, 1003.44, 3994711, 189
3943, 104, 135, 141, 0, 0, 0.29%, 19, 0, 13, 925.09, 3999550, 189
3948, 104, 135, 141, 0, 0, 0.29%, 19, 0, 13, 810.83, 4003477, 189
3953, 104, 100, 141, 0, 0, 0.29%, 19, 0, 13, 989.16, 4008739, 189
3958, 104, 108, 141, 0, 0, 0.29%, 19, 0, 13, 889.97, 4013104, 189
3963, 104, 83, 141, 0, 0, 0.29%, 19, 0, 13, 1068.47, 4018668, 189
3968, 104, 0, 141, 0, 0, 0.29%, 19, 0, 13, 1011.54, 4023734, 189
3973, 105, 86, 141, 0, 0, 0.29%, 19, 0, 13, 989.67, 4028716, 189
3978, 105, 108, 141, 0, 0, 0.29%, 19, 0, 13, 1234.55, 4035033, 189
3984, 105, 86, 141, 0, 0, 0.29%, 19, 0, 13, 1055.30, 4040416, 189
3989, 105, 92, 141, 0, 0, 0.29%, 19, 0, 13, 1036.18, 4045868, 189
3994, 105, 0, 141, 0, 0, 0.29%, 19, 0, 13, 1076.98, 4051604, 189
3999, 105, 132, 141, 0, 0, 0.29%, 19, 0, 13, 1067.18, 4056850, 189
4004, 105, 0, 141, 0, 0, 0.29%, 19, 0, 13, 956.67, 4061720, 189
4009, 106, 100, 141, 0, 0, 0.29%, 19, 0, 13, 1004.25, 4066809, 189
4014, 106, 85, 141, 0, 0, 0.29%, 19, 0, 13, 1002.66, 4071910, 189
4019, 106, 138, 141, 0, 0, 0.29%, 19, 0, 13, 865.37, 4076290, 189
4024, 106, 100, 141, 0, 0, 0.29%, 19, 0, 13, 1015.02, 4081203, 189
4029, 106, 83, 141, 0, 0, 0.29%, 19, 0, 13, 1220.02, 4087641, 189
4035, 106, 65, 141, 0, 0, 0.29%, 19, 0, 13, 1128.52, 4093717, 189
4040, 106, 98, 141, 0, 0, 0.29%, 19, 0, 13, 647.20, 4098492, 189
4045, 106, 100, 141, 0, 0, 0.29%, 19, 0, 13, 1019.10, 4103871, 189
4050, 107, 0, 141, 0, 0, 0.29%, 19, 0, 13, 1079.70, 4109509, 189
4055, 107, 64, 141, 0, 0, 0.29%, 19, 0, 13, 1089.14, 4114933, 189
4060, 107, 85, 141, 0, 0, 0.29%, 19, 0, 13, 1073.58, 4120327, 189
4065, 107, 92, 141, 0, 0, 0.29%, 19, 0, 13, 1104.49, 4126145, 189
4070, 107, 86, 141, 0, 0, 0.29%, 19, 0, 13, 979.48, 4130847, 189
4076, 107, 0, 141, 0, 0, 0.29%, 19, 0, 13, 1014.08, 4136050, 189
4081, 107, 83, 141, 0, 0, 0.29%, 19, 0, 13, 1075.63, 4141477, 189
4086, 108, 64, 141, 0, 0, 0.29%, 19, 0, 13, 864.88, 4146522, 189
4091, 108, 100, 141, 0, 0, 0.29%, 19, 0, 13, 903.10, 4151397, 189
4096, 108, 100, 141, 0, 0, 0.29%, 19, 0, 13, 936.98, 4156292, 189
4101, 108, 64, 141, 0, 0, 0.29%, 19, 0, 13, 1034.93, 4161555, 189
4106, 108, 0, 141, 0, 0, 0.29%, 19, 0, 13, 1051.97, 4166655, 189
4111, 108, 18, 141, 0, 0, 0.29%, 19, 0, 13, 1043.40, 4172125, 189
4116, 108, 74, 141, 0, 0, 0.29%, 19, 0, 13, 1017.85, 4176867, 189
4121, 108, 64, 141, 0, 0, 0.29%, 19, 0, 13, 997.70, 4181745, 189
4127, 109, 85, 141, 0, 0, 0.29%, 19, 0, 13, 1061.27, 4187210, 189
4132, 109, 85, 141, 0, 0, 0.29%, 19, 0, 13, 1102.09, 4193150, 189
4137, 109, 100, 141, 0, 0, 0.29%, 19, 0, 13, 1069.64, 4198551, 189
4142, 109, 40, 141, 0, 0, 0.29%, 19, 0, 13, 1072.93, 4203757, 189
4147, 109, 100, 141, 0, 0, 0.29%, 19, 0, 13, 1085.09, 4209349, 189
4152, 109, 86, 141, 0, 0, 0.29%, 19, 0, 13, 1083.63, 4214784, 189
4157, 109, 0, 141, 0, 0, 0.29%, 19, 0, 13, 1019.44, 4220006, 189
4162, 110, 18, 141, 0, 0, 0.29%, 19, 0, 13, 916.77, 4224536, 189
4168, 110, 62, 141, 0, 0, 0.29%, 19, 0, 13, 997.94, 4230121, 189
4173, 110, 92, 141, 0, 0, 0.29%, 19, 0, 13, 1031.78, 4235691, 189
4178, 110, 65, 141, 0, 0, 0.29%, 19, 0, 13, 1049.09, 4240901, 189
4183, 110, 108, 141, 0, 0, 0.29%, 19, 0, 13, 1085.22, 4246191, 189
4188, 110, 108, 141, 0, 0, 0.29%, 19, 0, 13, 927.23, 4250707, 189
4193, 110, 64, 141, 0, 0, 0.29%, 19, 0, 13, 953.96, 4255709, 189
4198, 110, 83, 141, 0, 0, 0.29%, 19, 0, 13, 901.34, 4260202, 189
4203, 111, 86, 141, 0, 0, 0.29%, 19, 0, 13, 939.56, 4264958, 189
4209, 111, 0, 141, 0, 0, 0.29%, 19, 0, 13, 199.30, 4270277, 189
4214, 111, 85, 141, 0, 0, 0.29%, 19, 0, 13, 1146.06, 4275473, 189
4219, 111, 65, 141, 0, 0, 0.29%, 19, 0, 13, 1049.28, 4280534, 189
4224, 111, 0, 141, 0, 0, 0.29%, 19, 0, 13, 1002.20, 4285409, 189
4229, 111, 83, 141, 0, 0, 0.29%, 19, 0, 13, 1096.13, 4290508, 189
4234, 111, 74, 141, 0, 0, 0.29%, 19, 0, 13, 1161.19, 4295947, 189
