# relative_time, cycles_done, cur_item, corpus_count, pending_total, pending_favs, map_size, saved_crashes, saved_hangs, max_depth, execs_per_sec, total_execs, edges_found
61, 1, 35, 40, 25, 0, 0.16%, 10, 0, 4, 1009.42, 51712, 107
66, 2, 29, 41, 25, 0, 0.16%, 10, 0, 4, 1080.33, 57380, 107
71, 2, 5, 41, 24, 0, 0.16%, 10, 0, 4, 1069.43, 62734, 107
76, 2, 6, 41, 23, 0, 0.16%, 10, 0, 4, 1021.56, 67908, 107
81, 3, 32, 41, 22, 0, 0.16%, 10, 0, 4, 1032.55, 73289, 107
86, 3, 26, 41, 21, 0, 0.16%, 10, 0, 4, 1030.06, 78339, 107
91, 3, 41, 43, 21, 0, 0.17%, 10, 0, 5, 1468.46, 86468, 109
96, 4, 38, 43, 19, 0, 0.17%, 10, 0, 5, 1414.82, 94077, 109
102, 4, 11, 43, 19, 0, 0.17%, 10, 0, 5, 213.09, 95412, 109
107, 4, 35, 43, 18, 0, 0.17%, 10, 0, 5, 1284.83, 99717, 109
112, 4, 35, 43, 17, 0, 0.17%, 10, 0, 5, 1313.77, 106436, 109
117, 5, 35, 43, 16, 0, 0.17%, 10, 0, 5, 1216.55, 112284, 109
122, 5, 41, 43, 16, 0, 0.17%, 10, 0, 5, 1288.75, 118994, 109
127, 6, 41, 43, 16, 0, 0.17%, 10, 0, 5, 1394.20, 126205, 109
132, 6, 5, 43, 14, 0, 0.17%, 10, 0, 5, 1168.04, 132063, 109
137, 7, 43, 44, 14, 0, 0.17%, 10, 0, 5, 1896.32, 141835, 111
142, 7, 5, 44, 13, 0, 0.17%, 10, 0, 5, 1449.37, 148913, 111
148, 7, 33, 44, 13, 0, 0.17%, 10, 0, 5, 1536.28, 157114, 111
153, 8, 26, 44, 13, 0, 0.17%, 10, 0, 5, 1458.91, 164712, 111
158, 9, 31, 44, 13, 0, 0.17%, 10, 0, 5, 1474.30, 172290, 111
163, 9, 8, 44, 13, 0, 0.17%, 10, 0, 5, 1498.06, 180446, 111
168, 9, 43, 44, 12, 0, 0.17%, 10, 0, 5, 1439.34, 188041, 111
173, 10, 5, 44, 12, 0, 0.17%, 11, 0, 5, 1502.29, 196328, 111
178, 10, 43, 44, 12, 0, 0.17%, 11, 0, 5, 1575.24, 204245, 111
183, 11, 31, 44, 11, 0, 0.17%, 11, 0, 5, 1545.57, 212424, 111
188, 12, 5, 44, 11, 0, 0.17%, 11, 0, 5, 1612.77, 220341, 111
193, 12, 44, 45, 12, 1, 0.17%, 11, 0, 5, 1498.56, 227862, 111
198, 12, 44, 45, 11, 0, 0.17%, 12, 0, 5, 1256.19, 233911, 111
204, 13, 44, 45, 11, 0, 0.17%, 12, 0, 5, 1322.61, 240784, 111
209, 13, 41, 45, 10, 0, 0.17%, 12, 0, 5, 1292.69, 246720, 111
214, 13, 44, 45, 10, 0, 0.17%, 12, 0, 5, 1296.55, 253666, 111
219, 13, 44, 45, 9, 0, 0.17%, 12, 0, 5, 1385.00, 260657, 111
224, 14, 44, 45, 9, 0, 0.17%, 12, 0, 5, 1468.38, 268210, 111
229, 14, 38, 45, 9, 0, 0.17%, 12, 0, 5, 1510.00, 275602, 111
234, 15, 5, 45, 8, 0, 0.17%, 12, 0, 5, 1341.47, 282540, 111
239, 15, 5, 45, 7, 0, 0.17%, 12, 0, 5, 1404.82, 289650, 111
244, 16, 41, 45, 7, 0, 0.17%, 12, 0, 5, 1498.73, 297439, 111
250, 16, 18, 45, 7, 0, 0.17%, 12, 0, 5, 1526.43, 305270, 111
255, 17, 41, 45, 7, 0, 0.17%, 12, 0, 5, 1457.01, 312698, 111
260, 18, 43, 45, 7, 0, 0.17%, 12, 0, 5, 1543.17, 320737, 111
265, 18, 5, 45, 7, 0, 0.17%, 12, 0, 5, 1438.11, 328404, 111
270, 19, 35, 45, 7, 0, 0.17%, 12, 0, 5, 1313.60, 335326, 111
275, 19, 44, 45, 7, 0, 0.17%, 12, 0, 5, 1460.42, 343157, 111
280, 20, 41, 45, 7, 0, 0.17%, 12, 0, 5, 1578.36, 351310, 111
285, 20, 5, 45, 6, 0, 0.17%, 12, 0, 5, 1668.92, 359678, 111
291, 21, 5, 45, 6, 0, 0.17%, 12, 0, 5, 1495.70, 367249, 111
296, 22, 31, 45, 6, 0, 0.17%, 12, 0, 5, 1676.91, 375966, 111
301, 22, 26, 45, 6, 0, 0.17%, 12, 0, 5, 1467.88, 383383, 111
306, 23, 5, 45, 6, 0, 0.17%, 12, 0, 5, 1485.56, 391114, 111
311, 23, 44, 45, 6, 0, 0.17%, 12, 0, 5, 1556.45, 399172, 111
316, 24, 38, 45, 6, 0, 0.17%, 12, 0, 5, 1562.99, 407298, 111
321, 24, 35, 45, 6, 0, 0.17%, 12, 0, 5, 1549.51, 415117, 111
327, 25, 26, 45, 6, 0, 0.17%, 12, 0, 5, 1504.18, 423063, 111
332, 25, 41, 46, 7, 0, 0.17%, 12, 0, 6, 1504.45, 431241, 111
337, 26, 45, 46, 7, 0, 0.17%, 12, 0, 6, 1474.21, 439291, 111
342, 26, 35, 46, 5, 0, 0.17%, 12, 0, 6, 1360.11, 445902, 111
347, 27, 43, 46, 4, 0, 0.17%, 12, 0, 6, 1578.95, 454440, 111
352, 28, 26, 46, 3, 0, 0.17%, 12, 0, 6, 1555.20, 462336, 111
357, 28, 29, 46, 3, 0, 0.17%, 12, 0, 6, 1409.96, 469673, 111
363, 28, 46, 47, 3, 0, 0.17%, 12, 0, 6, 1312.08, 476620, 111
368, 29, 46, 49, 5, 0, 0.17%, 12, 0, 6, 1334.26, 483117, 111
373, 29, 49, 50, 4, 0, 0.17%, 12, 0, 6, 1376.03, 489785, 111
378, 29, 41, 51, 4, 0, 0.17%, 12, 0, 6, 1302.74, 496810, 112
383, 29, 50, 51, 4, 0, 0.17%, 12, 0, 6, 1318.00, 503621, 112
388, 29, 50, 53, 6, 0, 0.17%, 12, 0, 7, 1232.75, 509754, 113
393, 29, 50, 53, 5, 0, 0.17%, 12, 0, 7, 1285.99, 516130, 113
398, 29, 52, 53, 5, 0, 0.17%, 12, 0, 7, 1358.65, 523071, 113
403, 29, 50, 53, 5, 0, 0.17%, 12, 0, 7, 1298.05, 529514, 113
408, 30, 50, 53, 5, 0, 0.17%, 12, 0, 7, 1310.35, 536564, 113
413, 30, 52, 53, 5, 0, 0.17%, 12, 0, 7, 1442.35, 543648, 113
418, 30, 33, 53, 5, 0, 0.17%, 12, 0, 7, 1416.92, 550917, 113
423, 30, 52, 53, 5, 0, 0.17%, 13, 0, 7, 1466.54, 558106, 113
428, 30, 41, 53, 5, 0, 0.17%, 13, 0, 7, 1437.00, 565031, 113
433, 30, 52, 53, 5, 0, 0.17%, 13, 0, 7, 1400.81, 572152, 113
439, 31, 50, 53, 5, 0, 0.17%, 13, 0, 7, 1282.75, 578643, 113
444, 31, 52, 53, 5, 0, 0.17%, 13, 0, 7, 1313.82, 585531, 113
449, 31, 52, 53, 5, 0, 0.17%, 13, 0, 7, 1514.84, 593685, 113
454, 31, 52, 53, 5, 0, 0.17%, 13, 0, 7, 1428.83, 601113, 113
459, 31, 29, 54, 5, 0, 0.17%, 13, 0, 8, 1350.79, 607912, 113
464, 32, 44, 54, 5, 0, 0.17%, 13, 0, 8, 1267.59, 614461, 113
469, 32, 49, 55, 5, 0, 0.17%, 13, 0, 8, 1312.60, 621321, 113
475, 32, 38, 56, 6, 0, 0.17%, 13, 0, 8, 1341.87, 628269, 113
480, 32, 18, 56, 6, 0, 0.17%, 13, 0, 8, 1416.38, 635694, 113
485, 33, 43, 56, 6, 0, 0.17%, 13, 0, 8, 1394.62, 642799, 113
490, 33, 52, 56, 6, 0, 0.17%, 13, 0, 8, 1406.44, 650066, 113
495, 34, 15, 56, 5, 0, 0.17%, 13, 0, 8, 1376.95, 657433, 113
500, 34, 52, 56, 4, 0, 0.17%, 13, 0, 8, 1326.60, 664084, 113
506, 34, 29, 56, 4, 0, 0.17%, 13, 0, 8, 1249.75, 670651, 113
511, 35, 41, 56, 4, 0, 0.17%, 13, 0, 8, 1450.18, 678127, 113
516, 35, 50, 56, 4, 0, 0.17%, 13, 0, 8, 1378.36, 685305, 113
521, 36, 44, 56, 4, 0, 0.17%, 13, 0, 8, 1439.12, 692768, 113
526, 36, 43, 56, 4, 0, 0.17%, 13, 0, 8, 1364.32, 699598, 113
531, 36, 29, 56, 4, 0, 0.17%, 13, 0, 8, 1392.17, 706845, 113
536, 37, 43, 56, 4, 0, 0.17%, 13, 0, 8, 1379.09, 713979, 113
542, 37, 44, 56, 4, 0, 0.17%, 13, 0, 8, 1361.34, 721213, 113
547, 38, 29, 56, 4, 0, 0.17%, 13, 0, 8, 1415.41, 728714, 113
552, 38, 35, 56, 4, 0, 0.17%, 13, 0, 8, 1338.80, 735574, 113
557, 38, 38, 56, 4, 0, 0.17%, 14, 0, 8, 1293.25, 742166, 113
562, 39, 44, 56, 4, 0, 0.17%, 14, 0, 8, 1411.42, 749731, 113
567, 39, 50, 57, 4, 0, 0.17%, 14, 0, 8, 1494.41, 757272, 113
572, 40, 50, 57, 4, 0, 0.17%, 14, 0, 8, 1456.82, 764548, 113
578, 40, 35, 57, 4, 0, 0.17%, 14, 0, 8, 1564.32, 772579, 113
583, 41, 44, 57, 4, 0, 0.17%, 14, 0, 8, 1380.41, 779713, 113
588, 41, 41, 57, 4, 0, 0.17%, 14, 0, 8, 1444.64, 787249, 113
593, 41, 57, 58, 4, 0, 0.18%, 14, 0, 8, 1777.65, 795980, 115
598, 41, 57, 58, 4, 0, 0.18%, 14, 0, 8, 1997.86, 806518, 115
603, 42, 57, 58, 4, 0, 0.18%, 14, 0, 8, 1926.04, 816462, 115
608, 42, 41, 59, 5, 0, 0.18%, 14, 0, 8, 1688.35, 825142, 115
613, 42, 57, 59, 4, 0, 0.18%, 14, 0, 8, 1708.99, 833889, 115
619, 42, 50, 59, 4, 0, 0.18%, 14, 0, 8, 1708.00, 842575, 115
624, 43, 57, 59, 4, 0, 0.18%, 14, 0, 8, 1736.13, 851555, 115
629, 43, 16, 59, 4, 0, 0.18%, 14, 0, 8, 1529.33, 859959, 115
634, 44, 57, 60, 4, 0, 0.18%, 14, 0, 8, 1672.00, 868715, 115
639, 44, 59, 62, 6, 0, 0.18%, 14, 0, 9, 1542.41, 877211, 115
644, 44, 35, 63, 6, 0, 0.18%, 14, 0, 9, 1652.22, 885215, 115
649, 44, 50, 64, 7, 0, 0.18%, 14, 0, 9, 1576.55, 893042, 115
654, 45, 38, 65, 8, 0, 0.18%, 14, 0, 9, 1760.06, 902298, 115
659, 45, 38, 65, 8, 0, 0.18%, 14, 0, 9, 1440.81, 909338, 115
665, 46, 50, 66, 9, 0, 0.18%, 14, 0, 9, 1495.98, 917201, 115
670, 46, 41, 66, 8, 0, 0.18%, 14, 0, 9, 1614.05, 925416, 115
675, 46, 29, 66, 8, 0, 0.18%, 14, 0, 9, 1423.71, 932760, 115
680, 47, 65, 66, 7, 0, 0.18%, 14, 0, 9, 1454.38, 939892, 115
685, 47, 65, 67, 8, 0, 0.18%, 14, 0, 9, 1231.12, 945704, 115
690, 47, 43, 67, 7, 0, 0.18%, 14, 0, 9, 1263.95, 952280, 115
695, 47, 44, 67, 7, 0, 0.18%, 14, 0, 9, 1572.77, 960822, 115
700, 48, 44, 67, 7, 0, 0.18%, 14, 0, 9, 1495.47, 968449, 115
705, 48, 42, 67, 6, 0, 0.18%, 14, 0, 9, 1565.89, 975593, 115
710, 48, 65, 67, 6, 0, 0.18%, 14, 0, 9, 1367.56, 982438, 115
716, 48, 66, 67, 6, 0, 0.18%, 14, 0, 9, 1318.37, 989821, 115
721, 49, 41, 67, 5, 0, 0.18%, 14, 0, 9, 1442.01, 997335, 115
726, 49, 43, 67, 3, 0, 0.18%, 14, 0, 9, 1377.52, 1004814, 115
731, 49, 50, 67, 3, 0, 0.18%, 14, 0, 9, 1474.20, 1012790, 115
736, 50, 33, 67, 2, 0, 0.18%, 14, 0, 9, 1534.60, 1020743, 115
741, 50, 57, 67, 2, 0, 0.18%, 14, 0, 9, 1550.73, 1028633, 115
746, 50, 65, 67, 2, 0, 0.18%, 14, 0, 9, 1457.82, 1036153, 115
752, 51, 41, 67, 2, 0, 0.18%, 14, 0, 9, 1483.53, 1044058, 115
757, 51, 46, 67, 2, 0, 0.18%, 14, 0, 9, 1395.00, 1051541, 115
762, 51, 65, 67, 1, 0, 0.18%, 14, 0, 9, 1406.78, 1059278, 115
767, 52, 52, 67, 1, 0, 0.18%, 14, 0, 9, 1239.87, 1065376, 115
772, 52, 65, 67, 1, 0, 0.18%, 14, 0, 9, 1339.39, 1072804, 115
777, 52, 46, 67, 1, 0, 0.18%, 14, 0, 9, 1278.06, 1079326, 115
782, 53, 43, 67, 1, 0, 0.18%, 14, 0, 9, 1321.42, 1086069, 115
787, 53, 57, 67, 1, 0, 0.18%, 14, 0, 9, 1375.15, 1093428, 115
793, 53, 41, 67, 1, 0, 0.18%, 14, 0, 9, 1244.28, 1099774, 115
798, 54, 57, 67, 1, 0, 0.18%, 14, 0, 9, 1282.15, 1106594, 115
803, 54, 29, 67, 1, 0, 0.18%, 14, 0, 9, 1209.50, 1112928, 115
808, 54, 57, 67, 1, 0, 0.18%, 14, 0, 9, 1353.27, 1120028, 115
813, 55, 43, 67, 1, 0, 0.18%, 14, 0, 9, 1546.58, 1127767, 115
818, 55, 35, 67, 1, 0, 0.18%, 14, 0, 9, 1288.15, 1134018, 115
823, 55, 50, 67, 0, 0, 0.18%, 14, 0, 9, 1199.54, 1139730, 115
828, 55, 41, 67, 0, 0, 0.18%, 14, 0, 9, 1248.72, 1146015, 115
833, 56, 33, 67, 0, 0, 0.18%, 14, 0, 9, 1411.87, 1153360, 115
839, 56, 65, 67, 0, 0, 0.18%, 14, 0, 9, 1313.77, 1159988, 115
844, 56, 57, 67, 0, 0, 0.18%, 14, 0, 9, 1223.56, 1165745, 115
849, 57, 43, 67, 0, 0, 0.18%, 14, 0, 9, 1356.76, 1173159, 115
854, 57, 44, 67, 0, 0, 0.18%, 14, 0, 9, 1291.69, 1179825, 115
859, 57, 44, 67, 0, 0, 0.18%, 14, 0, 9, 1368.11, 1186761, 115
864, 58, 33, 67, 0, 0, 0.18%, 14, 0, 9, 1424.07, 1193880, 115
869, 58, 50, 67, 0, 0, 0.18%, 14, 0, 9, 1263.74, 1199907, 115
875, 58, 43, 67, 0, 0, 0.18%, 14, 0, 9, 1435.91, 1207734, 115
880, 59, 41, 67, 0, 0, 0.18%, 14, 0, 9, 1497.75, 1215107, 115
885, 59, 44, 67, 0, 0, 0.18%, 14, 0, 9, 1293.81, 1221655, 115
890, 59, 57, 67, 0, 0, 0.18%, 14, 0, 9, 1363.39, 1228815, 115
895, 60, 5, 67, 0, 0, 0.18%, 14, 0, 9, 1394.25, 1235938, 115
900, 60, 65, 67, 0, 0, 0.18%, 14, 0, 9, 1383.50, 1243321, 115
905, 60, 66, 67, 0, 0, 0.18%, 14, 0, 9, 1249.64, 1249880, 115
910, 61, 43, 67, 0, 0, 0.18%, 14, 0, 9, 1290.45, 1256481, 115
915, 61, 44, 67, 0, 0, 0.18%, 14, 0, 9, 1401.67, 1263590, 115
921, 61, 41, 67, 0, 0, 0.18%, 14, 0, 9, 1244.16, 1269545, 115
926, 62, 57, 67, 0, 0, 0.18%, 14, 0, 9, 1465.61, 1277519, 115
931, 62, 1, 67, 0, 0, 0.18%, 14, 0, 9, 1493.27, 1284781, 115
936, 62, 57, 67, 0, 0, 0.18%, 14, 0, 9, 1311.11, 1291676, 115
941, 63, 43, 67, 0, 0, 0.18%, 14, 0, 9, 1245.86, 1298134, 115
946, 63, 50, 67, 0, 0, 0.18%, 14, 0, 9, 1370.16, 1305262, 115
951, 63, 41, 67, 0, 0, 0.18%, 14, 0, 9, 1353.71, 1312390, 115
957, 64, 52, 67, 0, 0, 0.18%, 14, 0, 9, 1365.46, 1319413, 115
962, 64, 35, 67, 0, 0, 0.18%, 14, 0, 9, 1244.38, 1325980, 115
967, 64, 57, 67, 0, 0, 0.18%, 14, 0, 9, 1260.26, 1332468, 115
972, 65, 43, 67, 0, 0, 0.18%, 14, 0, 9, 1251.20, 1338961, 115
977, 65, 57, 67, 0, 0, 0.18%, 14, 0, 9, 1397.75, 1346205, 115
982, 65, 65, 67, 0, 0, 0.18%, 14, 0, 9, 1284.99, 1352759, 115
987, 66, 65, 67, 0, 0, 0.18%, 14, 0, 9, 1213.42, 1359042, 115
993, 66, 50, 67, 0, 0, 0.18%, 14, 0, 9, 1227.51, 1365495, 115
998, 66, 57, 67, 0, 0, 0.18%, 14, 0, 9, 1411.01, 1372559, 115
1003, 67, 50, 67, 0, 0, 0.18%, 14, 0, 9, 1294.07, 1379068, 115
1008, 67, 57, 67, 0, 0, 0.18%, 14, 0, 9, 1307.47, 1385565, 115
1013, 67, 43, 67, 0, 0, 0.18%, 14, 0, 9, 1217.23, 1391641, 115
1018, 68, 29, 67, 0, 0, 0.18%, 14, 0, 9, 1421.24, 1399041, 115
1023, 68, 50, 67, 0, 0, 0.18%, 14, 0, 9, 1297.24, 1405446, 115
1029, 68, 33, 67, 0, 0, 0.18%, 14, 0, 9, 1331.58, 1412626, 115
1034, 69, 41, 67, 0, 0, 0.18%, 14, 0, 9, 1449.55, 1420219, 115
1039, 69, 29, 67, 0, 0, 0.18%, 14, 0, 9, 1278.44, 1426797, 115
1044, 69, 29, 67, 0, 0, 0.18%, 14, 0, 9, 1294.74, 1433267, 115
1049, 70, 46, 67, 0, 0, 0.18%, 14, 0, 9, 1367.29, 1439920, 115
1054, 70, 50, 67, 0, 0, 0.18%, 14, 0, 9, 1285.32, 1446425, 115
1059, 70, 52, 67, 0, 0, 0.18%, 14, 0, 9, 1327.63, 1453223, 115
1064, 71, 50, 67, 0, 0, 0.18%, 14, 0, 9, 1423.88, 1460377, 115
1069, 71, 29, 67, 0, 0, 0.18%, 14, 0, 9, 1299.36, 1467120, 115
1074, 71, 65, 67, 0, 0, 0.18%, 14, 0, 9, 1340.19, 1474071, 115
1080, 72, 65, 67, 0, 0, 0.18%, 14, 0, 9, 1348.71, 1481548, 115
1085, 72, 57, 67, 0, 0, 0.18%, 14, 0, 9, 1342.37, 1488464, 115
1090, 73, 18, 67, 0, 0, 0.18%, 14, 0, 9, 1432.04, 1495977, 115
1095, 73, 50, 67, 0, 0, 0.18%, 14, 0, 9, 1421.18, 1503740, 115
1100, 73, 65, 67, 0, 0, 0.18%, 14, 0, 9, 1401.27, 1510744, 115
1105, 74, 43, 67, 0, 0, 0.18%, 14, 0, 9, 1232.82, 1516952, 115
1110, 74, 29, 67, 0, 0, 0.18%, 14, 0, 9, 1286.85, 1523412, 115
1116, 74, 57, 67, 0, 0, 0.18%, 14, 0, 9, 1316.40, 1530410, 115
1121, 75, 50, 67, 0, 0, 0.18%, 14, 0, 9, 1242.44, 1536490, 115
1126, 75, 44, 67, 0, 0, 0.18%, 14, 0, 9, 1179.50, 1542479, 115
1131, 75, 43, 67, 0, 0, 0.18%, 14, 0, 9, 1287.60, 1549253, 115
1136, 76, 41, 67, 0, 0, 0.18%, 14, 0, 9, 1446.71, 1556652, 115
1141, 76, 33, 67, 0, 0, 0.18%, 14, 0, 9, 1309.93, 1563513, 115
1147, 76, 35, 67, 0, 0, 0.18%, 14, 0, 9, 1365.19, 1570434, 115
1152, 77, 46, 67, 0, 0, 0.18%, 14, 0, 9, 1401.61, 1577179, 115
1157, 77, 43, 67, 0, 0, 0.18%, 14, 0, 9, 1401.29, 1584128, 115
1162, 77, 5, 67, 0, 0, 0.18%, 14, 0, 9, 1233.14, 1590506, 115
1167, 78, 44, 67, 0, 0, 0.18%, 14, 0, 9, 1411.39, 1597656, 115
1172, 78, 43, 67, 0, 0, 0.18%, 14, 0, 9, 1353.65, 1604080, 115
1177, 78, 52, 67, 0, 0, 0.18%, 14, 0, 9, 1477.32, 1611779, 115
1183, 79, 41, 67, 0, 0, 0.18%, 14, 0, 9, 1343.92, 1618503, 115
1188, 79, 46, 67, 0, 0, 0.18%, 14, 0, 9, 1310.37, 1625193, 115
1193, 79, 65, 67, 0, 0, 0.18%, 14, 0, 9, 1269.22, 1631886, 115
1198, 80, 65, 67, 0, 0, 0.18%, 14, 0, 9, 1279.23, 1638203, 115
1203, 80, 35, 67, 0, 0, 0.18%, 14, 0, 9, 1360.04, 1645127, 115
1208, 80, 35, 67, 0, 0, 0.18%, 14, 0, 9, 1347.27, 1652327, 115
1214, 81, 46, 67, 0, 0, 0.18%, 14, 0, 9, 1358.05, 1659178, 115
1219, 81, 41, 67, 0, 0, 0.18%, 14, 0, 9, 1308.35, 1666013, 115
1224, 81, 41, 67, 0, 0, 0.18%, 14, 0, 9, 1453.23, 1673555, 115
1229, 82, 65, 67, 0, 0, 0.18%, 14, 0, 9, 1296.61, 1680214, 115
1234, 82, 29, 67, 0, 0, 0.18%, 14, 0, 9, 1256.88, 1686440, 115
1239, 82, 46, 67, 0, 0, 0.18%, 14, 0, 9, 1363.14, 1693537, 115
1244, 83, 50, 67, 0, 0, 0.18%, 14, 0, 9, 1157.48, 1699652, 115
1250, 83, 65, 67, 0, 0, 0.18%, 14, 0, 9, 1278.11, 1706662, 115
1255, 83, 50, 67, 0, 0, 0.18%, 14, 0, 9, 1332.40, 1713266, 115
1260, 84, 33, 67, 0, 0, 0.18%, 14, 0, 9, 1334.26, 1720126, 115
1265, 84, 65, 67, 0, 0, 0.18%, 14, 0, 9, 1245.22, 1726366, 115
1270, 84, 50, 67, 0, 0, 0.18%, 14, 0, 9, 1282.73, 1733123, 115
1275, 84, 65, 67, 0, 0, 0.18%, 14, 0, 9, 1273.60, 1739200, 115
1280, 85, 43, 67, 0, 0, 0.18%, 14, 0, 9, 1380.07, 1746303, 115
1285, 85, 57, 67, 0, 0, 0.18%, 14, 0, 9, 1396.16, 1753580, 115
1291, 86, 57, 67, 0, 0, 0.18%, 14, 0, 9, 1355.98, 1760280, 115
1296, 86, 35, 67, 0, 0, 0.18%, 14, 0, 9, 1485.62, 1767794, 115
1301, 86, 52, 67, 0, 0, 0.18%, 14, 0, 9, 1290.21, 1774183, 115
1306, 87, 57, 67, 0, 0, 0.18%, 14, 0, 9, 1342.33, 1780963, 115
1311, 87, 44, 67, 0, 0, 0.18%, 14, 0, 9, 1411.30, 1788200, 115
1316, 87, 65, 67, 0, 0, 0.18%, 14, 0, 9, 1395.32, 1795690, 115
1321, 88, 57, 67, 0, 0, 0.18%, 14, 0, 9, 1489.74, 1802982, 115
1327, 88, 57, 67, 0, 0, 0.18%, 14, 0, 9, 1356.08, 1809856, 115
1332, 88, 44, 67, 0, 0, 0.18%, 14, 0, 9, 1363.47, 1817105, 115
1337, 89, 46, 67, 0, 0, 0.18%, 14, 0, 9, 1402.65, 1824759, 115
1342, 89, 44, 67, 0, 0, 0.18%, 14, 0, 9, 1224.61, 1830840, 115
1347, 89, 5, 67, 0, 0, 0.18%, 14, 0, 9, 1281.23, 1837110, 115
1352, 90, 44, 67, 0, 0, 0.18%, 14, 0, 9, 1240.06, 1843446, 115
1357, 90, 41, 67, 0, 0, 0.18%, 14, 0, 9, 1318.44, 1850154, 115
1362, 90, 46, 67, 0, 0, 0.18%, 14, 0, 9, 1410.49, 1857711, 115
1367, 91, 65, 67, 0, 0, 0.18%, 14, 0, 9, 1137.10, 1863075, 115
1373, 91, 29, 67, 0, 0, 0.18%, 14, 0, 9, 1235.04, 1869489, 115
1378, 91, 65, 67, 0, 0, 0.18%, 14, 0, 9, 1272.93, 1876083, 115
1383, 92, 50, 67, 0, 0, 0.18%, 14, 0, 9, 1169.33, 1882007, 115
1388, 92, 50, 67, 0, 0, 0.18%, 14, 0, 9, 1237.38, 1888361, 115
1393, 92, 50, 67, 0, 0, 0.18%, 14, 0, 9, 1343.50, 1895429, 115
1398, 93, 44, 67, 0, 0, 0.18%, 14, 0, 9, 1325.16, 1902098, 115
1403, 93, 5, 67, 0, 0, 0.18%, 14, 0, 9, 1332.86, 1908691, 115
1408, 93, 57, 67, 0, 0, 0.18%, 14, 0, 9, 1357.47, 1915455, 115
1414, 94, 50, 67, 0, 0, 0.18%, 14, 0, 9, 1455.49, 1922808, 115
1419, 94, 50, 67, 0, 0, 0.18%, 14, 0, 9, 1405.23, 1929959, 115
1424, 94, 50, 67, 0, 0, 0.18%, 14, 0, 9, 1416.77, 1937503, 115
1429, 95, 50, 67, 0, 0, 0.18%, 14, 0, 9, 1324.97, 1944143, 115
1434, 95, 65, 67, 0, 0, 0.18%, 14, 0, 9, 1225.90, 1950774, 115
1439, 95, 43, 67, 0, 0, 0.18%, 14, 0, 9, 1329.95, 1957710, 115
1444, 96, 33, 67, 0, 0, 0.18%, 14, 0, 9, 1369.55, 1964501, 115
1450, 96, 44, 67, 0, 0, 0.18%, 14, 0, 9, 1389.60, 1971892, 115
1455, 97, 46, 67, 0, 0, 0.18%, 14, 0, 9, 1300.97, 1978531, 115
1460, 97, 57, 67, 0, 0, 0.18%, 14, 0, 9, 1469.94, 1986081, 115
1465, 97, 46, 67, 0, 0, 0.18%, 14, 0, 9, 1415.50, 1993606, 115
1470, 98, 57, 67, 0, 0, 0.18%, 14, 0, 9, 1423.94, 2000543, 115
1475, 98, 41, 67, 0, 0, 0.18%, 14, 0, 9, 1374.83, 2007789, 115
1480, 98, 65, 67, 0, 0, 0.18%, 14, 0, 9, 1287.32, 2014436, 115
1486, 99, 41, 67, 0, 0, 0.18%, 14, 0, 9, 1496.76, 2022083, 115
1491, 99, 65, 67, 0, 0, 0.18%, 14, 0, 9, 1377.22, 2029352, 115
1496, 99, 35, 67, 0, 0, 0.18%, 14, 0, 9, 1223.44, 2035478, 115
1501, 100, 43, 67, 0, 0, 0.18%, 14, 0, 9, 1574.60, 2043608, 115
1506, 100, 50, 67, 0, 0, 0.18%, 14, 0, 9, 1349.26, 2049960, 115
1511, 100, 44, 67, 0, 0, 0.18%, 14, 0, 9, 1433.87, 2057693, 115
1516, 101, 41, 67, 0, 0, 0.18%, 14, 0, 9, 1357.57, 2064853, 115
1522, 101, 65, 67, 0, 0, 0.18%, 14, 0, 9, 1406.94, 2072235, 115
1527, 101, 65, 67, 0, 0, 0.18%, 14, 0, 9, 1384.12, 2079469, 115
1532, 102, 41, 67, 0, 0, 0.18%, 14, 0, 9, 1352.62, 2086361, 115
1537, 102, 29, 67, 0, 0, 0.18%, 14, 0, 9, 1337.07, 2093014, 115
1542, 102, 52, 67, 0, 0, 0.18%, 14, 0, 9, 1229.86, 2099326, 115
1547, 103, 50, 67, 0, 0, 0.18%, 14, 0, 9, 1301.97, 2106177, 115
1552, 103, 35, 67, 0, 0, 0.18%, 14, 0, 9, 1304.29, 2112996, 115
1557, 103, 46, 67, 0, 0, 0.18%, 14, 0, 9, 1287.71, 2119830, 115
1563, 104, 35, 67, 0, 0, 0.18%, 14, 0, 9, 1362.51, 2126454, 115
1568, 104, 33, 67, 0, 0, 0.18%, 14, 0, 9, 1337.28, 2133404, 115
1573, 104, 43, 67, 0, 0, 0.18%, 14, 0, 9, 1293.28, 2139736, 115
1578, 105, 44, 67, 0, 0, 0.18%, 14, 0, 9, 1290.72, 2146705, 115
1583, 105, 43, 67, 0, 0, 0.18%, 14, 0, 9, 1287.23, 2153324, 115
1588, 105, 44, 67, 0, 0, 0.18%, 14, 0, 9, 1307.82, 2160345, 115
1594, 106, 44, 67, 0, 0, 0.18%, 14, 0, 9, 1189.28, 2166202, 115
1599, 106, 50, 67, 0, 0, 0.18%, 14, 0, 9, 1209.88, 2172195, 115
1604, 106, 50, 67, 0, 0, 0.18%, 14, 0, 9, 1316.07, 2179024, 115
1609, 107, 57, 67, 0, 0, 0.18%, 14, 0, 9, 1367.51, 2186336, 115
1614, 107, 44, 67, 0, 0, 0.18%, 14, 0, 9, 1203.39, 2192178, 115
1619, 107, 41, 67, 0, 0, 0.18%, 14, 0, 9, 1343.37, 2198840, 115
1624, 107, 50, 67, 0, 0, 0.18%, 14, 0, 9, 1228.75, 2204982, 115
1629, 108, 65, 67, 0, 0, 0.18%, 14, 0, 9, 1309.95, 2212130, 115
1635, 108, 33, 67, 0, 0, 0.18%, 14, 0, 9, 1313.79, 2218896, 115
1640, 109, 29, 67, 0, 0, 0.18%, 14, 0, 9, 1263.96, 2225179, 115
1645, 109, 65, 67, 0, 0, 0.18%, 14, 0, 9, 1375.52, 2232287, 115
1650, 109, 41, 67, 0, 0, 0.18%, 14, 0, 9, 1294.26, 2238786, 115
1655, 110, 65, 67, 0, 0, 0.18%, 14, 0, 9, 1421.81, 2246462, 115
1660, 110, 57, 67, 0, 0, 0.18%, 14, 0, 9, 1319.17, 2253145, 115
1665, 110, 50, 67, 0, 0, 0.18%, 14, 0, 9, 1370.67, 2260269, 115
1671, 111, 57, 67, 0, 0, 0.18%, 14, 0, 9, 1518.63, 2267985, 115
1676, 111, 65, 67, 0, 0, 0.18%, 14, 0, 9, 1257.80, 2274305, 115
1681, 111, 43, 67, 0, 0, 0.18%, 14, 0, 9, 1217.75, 2280760, 115
1686, 112, 50, 67, 0, 0, 0.18%, 14, 0, 9, 1423.80, 2288018, 115
1691, 112, 65, 67, 0, 0, 0.18%, 14, 0, 9, 1168.26, 2293884, 115
1696, 112, 65, 67, 0, 0, 0.18%, 14, 0, 9, 1205.11, 2300261, 115
1702, 112, 50, 67, 0, 0, 0.18%, 14, 0, 9, 1353.96, 2307589, 115
1707, 113, 33, 67, 0, 0, 0.18%, 14, 0, 9, 1293.33, 2314371, 115
1712, 113, 50, 67, 0, 0, 0.18%, 14, 0, 9, 1408.76, 2321665, 115
1717, 114, 54, 67, 0, 0, 0.18%, 14, 0, 9, 1349.69, 2328601, 115
1722, 114, 41, 67, 0, 0, 0.18%, 14, 0, 9, 1404.72, 2335749, 115
1727, 114, 46, 67, 0, 0, 0.18%, 14, 0, 9, 1267.40, 2341985, 115
1732, 115, 46, 67, 0, 0, 0.18%, 14, 0, 9, 1322.53, 2348910, 115
1738, 115, 35, 67, 0, 0, 0.18%, 15, 0, 9, 1124.34, 2354750, 115
1743, 115, 29, 67, 0, 0, 0.18%, 15, 0, 9, 1095.08, 2360227, 115
1748, 115, 57, 67, 0, 0, 0.18%, 15, 0, 9, 1406.43, 2367389, 115
1753, 116, 65, 67, 0, 0, 0.18%, 15, 0, 9, 1414.31, 2374770, 115
1758, 116, 50, 67, 0, 0, 0.18%, 15, 0, 9, 1389.17, 2381863, 115
1763, 117, 57, 67, 0, 0, 0.18%, 15, 0, 9, 1408.45, 2389283, 115
1768, 117, 50, 67, 0, 0, 0.18%, 15, 0, 9, 1356.31, 2396127, 115
1774, 117, 50, 67, 0, 0, 0.18%, 15, 0, 9, 1376.52, 2403484, 115
1779, 118, 33, 67, 0, 0, 0.18%, 15, 0, 9, 1224.44, 2409546, 115
1784, 118, 57, 67, 0, 0, 0.18%, 15, 0, 9, 1384.13, 2416446, 115
1789, 118, 41, 67, 0, 0, 0.18%, 15, 0, 9, 1499.67, 2424168, 115
1794, 119, 5, 67, 0, 0, 0.18%, 15, 0, 9, 1307.01, 2430798, 115
1799, 119, 44, 67, 0, 0, 0.18%, 15, 0, 9, 1460.28, 2438261, 115
1804, 119, 65, 67, 0, 0, 0.18%, 15, 0, 9, 1424.48, 2445937, 115
1809, 120, 57, 67, 0, 0, 0.18%, 15, 0, 9, 1419.40, 2452982, 115
1814, 120, 43, 67, 0, 0, 0.18%, 15, 0, 9, 1486.06, 2460877, 115
1820, 120, 52, 67, 0, 0, 0.18%, 15, 0, 9, 1312.66, 2467450, 115
1825, 121, 50, 67, 0, 0, 0.18%, 15, 0, 9, 1235.26, 2473603, 115
1830, 121, 46, 67, 0, 0, 0.18%, 15, 0, 9, 1313.06, 2480480, 115
1835, 121, 50, 67, 0, 0, 0.18%, 15, 0, 9, 1312.27, 2487271, 115
1840, 122, 29, 67, 0, 0, 0.18%, 15, 0, 9, 1273.29, 2493846, 115
1845, 122, 50, 67, 0, 0, 0.18%, 15, 0, 9, 1291.35, 2500511, 115
1850, 122, 65, 67, 0, 0, 0.18%, 15, 0, 9, 1245.90, 2506826, 115
1856, 123, 50, 67, 0, 0, 0.18%, 15, 0, 9, 1290.34, 2513295, 115
1861, 123, 44, 67, 0, 0, 0.18%, 15, 0, 9, 1347.28, 2520032, 115
1866, 123, 50, 67, 0, 0, 0.18%, 15, 0, 9, 1363.63, 2527136, 115
1871, 124, 52, 67, 0, 0, 0.18%, 15, 0, 9, 1327.01, 2533629, 115
1876, 124, 43, 67, 0, 0, 0.18%, 15, 0, 9, 1263.50, 2540315, 115
1881, 124, 65, 67, 0, 0, 0.18%, 15, 0, 9, 1445.30, 2548210, 115
1886, 125, 65, 67, 0, 0, 0.18%, 15, 0, 9, 1190.72, 2554065, 115
1891, 125, 66, 67, 0, 0, 0.18%, 15, 0, 9, 1139.14, 2560333, 115
1897, 125, 57, 67, 0, 0, 0.18%, 15, 0, 9, 1376.51, 2567192, 115
1902, 126, 41, 67, 0, 0, 0.18%, 15, 0, 9, 1390.83, 2574230, 115
1907, 126, 41, 67, 0, 0, 0.18%, 15, 0, 9, 1388.43, 2581551, 115
1912, 126, 41, 67, 0, 0, 0.18%, 15, 0, 9, 1387.91, 2588824, 115
1917, 127, 33, 67, 0, 0, 0.18%, 15, 0, 9, 1519.78, 2596551, 115
1922, 127, 65, 67, 0, 0, 0.18%, 15, 0, 9, 1301.77, 2603061, 115
1927, 127, 35, 67, 0, 0, 0.18%, 15, 0, 9, 1426.89, 2610291, 115
1932, 128, 46, 67, 0, 0, 0.18%, 15, 0, 9, 1472.32, 2617517, 115
1937, 128, 57, 67, 0, 0, 0.18%, 15, 0, 9, 1440.14, 2624471, 115
1943, 128, 33, 67, 0, 0, 0.18%, 15, 0, 9, 1261.43, 2630722, 115
1948, 129, 43, 67, 0, 0, 0.18%, 15, 0, 9, 1275.09, 2637401, 115
1953, 129, 5, 67, 0, 0, 0.18%, 15, 0, 9, 1333.62, 2644122, 115
1958, 129, 44, 67, 0, 0, 0.18%, 15, 0, 9, 1292.44, 2650831, 115
1963, 130, 33, 67, 0, 0, 0.18%, 15, 0, 9, 1317.35, 2657584, 115
1968, 130, 65, 67, 0, 0, 0.18%, 15, 0, 9, 1373.18, 2664535, 115
1974, 130, 29, 67, 0, 0, 0.18%, 15, 0, 9, 1375.27, 2671627, 115
1979, 131, 65, 67, 0, 0, 0.18%, 15, 0, 9, 1368.48, 2678793, 115
1984, 131, 43, 67, 0, 0, 0.18%, 15, 0, 9, 1270.50, 2684962, 115
1989, 131, 57, 67, 0, 0, 0.18%, 15, 0, 9, 1423.57, 2692727, 115
1994, 132, 57, 67, 0, 0, 0.18%, 15, 0, 9, 1463.37, 2699840, 115
1999, 132, 41, 67, 0, 0, 0.18%, 15, 0, 9, 1339.70, 2706577, 115
2004, 132, 29, 67, 0, 0, 0.18%, 15, 0, 9, 1273.56, 2712808, 115
2010, 133, 46, 67, 0, 0, 0.18%, 15, 0, 9, 1201.34, 2719086, 115
2015, 133, 44, 67, 0, 0, 0.18%, 15, 0, 9, 1193.62, 2725458, 115
2020, 133, 29, 67, 0, 0, 0.18%, 15, 0, 9, 1234.81, 2731765, 115
2025, 134, 44, 67, 0, 0, 0.18%, 15, 0, 9, 1357.70, 2738993, 115
2030, 134, 41, 67, 0, 0, 0.18%, 15, 0, 9, 1373.59, 2746014, 115
2035, 134, 57, 67, 0, 0, 0.18%, 15, 0, 9, 1445.81, 2753774, 115
2041, 135, 65, 67, 0, 0, 0.18%, 15, 0, 9, 1426.22, 2761104, 115
2046, 135, 46, 67, 0, 0, 0.18%, 15, 0, 9, 1460.51, 2768382, 115
2051, 135, 65, 68, 1, 0, 0.18%, 15, 0, 9, 1333.97, 2775062, 115
2056, 136, 44, 68, 1, 0, 0.18%, 15, 0, 9, 1343.32, 2782033, 115
2061, 136, 50, 68, 0, 0, 0.18%, 15, 0, 9, 1222.14, 2788438, 115
2066, 136, 41, 68, 0, 0, 0.18%, 15, 0, 9, 1394.39, 2795886, 115
2072, 137, 33, 68, 0, 0, 0.18%, 15, 0, 9, 1395.59, 2803337, 115
2077, 137, 65, 68, 0, 0, 0.18%, 15, 0, 9, 1348.72, 2810184, 115
2082, 138, 44, 68, 0, 0, 0.18%, 15, 0, 9, 1422.06, 2817530, 115
2087, 138, 33, 68, 0, 0, 0.18%, 15, 0, 9, 1465.07, 2824924, 115
2092, 138, 57, 68, 0, 0, 0.18%, 15, 0, 9, 1510.92, 2832383, 115
2097, 139, 43, 68, 0, 0, 0.18%, 15, 0, 9, 1451.96, 2839553, 115
2102, 139, 43, 68, 0, 0, 0.18%, 15, 0, 9, 1506.65, 2846900, 115
2108, 139, 50, 68, 0, 0, 0.18%, 15, 0, 9, 1449.67, 2854447, 115
2113, 140, 44, 68, 0, 0, 0.18%, 15, 0, 9, 1461.51, 2861635, 115
2118, 140, 50, 68, 0, 0, 0.18%, 15, 0, 9, 1486.28, 2869002, 115
2123, 141, 65, 68, 0, 0, 0.18%, 15, 0, 9, 1385.38, 2876057, 115
2128, 141, 57, 68, 0, 0, 0.18%, 15, 0, 9, 1277.75, 2882572, 115
2133, 141, 41, 68, 0, 0, 0.18%, 15, 0, 9, 1399.10, 2889845, 115
2138, 142, 57, 68, 0, 0, 0.18%, 15, 0, 9, 1532.78, 2898028, 115
2144, 142, 44, 68, 0, 0, 0.18%, 15, 0, 9, 1395.88, 2905046, 115
2149, 142, 43, 68, 0, 0, 0.18%, 15, 0, 9, 1328.31, 2912150, 115
2154, 143, 43, 68, 0, 0, 0.18%, 15, 0, 9, 1417.16, 2919211, 115
2159, 143, 41, 68, 0, 0, 0.18%, 15, 0, 9, 1267.30, 2925684, 115
2164, 143, 44, 68, 0, 0, 0.18%, 15, 0, 9, 1371.97, 2932787, 115
2169, 144, 50, 68, 0, 0, 0.18%, 15, 0, 9, 1389.42, 2939579, 115
2175, 144, 41, 68, 0, 0, 0.18%, 15, 0, 9, 1464.60, 2946976, 115
2180, 145, 50, 68, 0, 0, 0.18%, 15, 0, 9, 1384.71, 2953943, 115
2185, 145, 41, 68, 0, 0, 0.18%, 15, 0, 9, 1475.43, 2961344, 115
2190, 145, 44, 68, 0, 0, 0.18%, 15, 0, 9, 1333.16, 2968598, 115
2195, 146, 35, 68, 0, 0, 0.18%, 15, 0, 9, 1369.20, 2975602, 115
2200, 146, 44, 68, 0, 0, 0.18%, 15, 0, 9, 1217.13, 2981699, 115
2206, 146, 57, 68, 0, 0, 0.18%, 15, 0, 9, 1160.62, 2987655, 115
2211, 147, 35, 68, 0, 0, 0.18%, 15, 0, 9, 1359.86, 2994703, 115
2216, 147, 35, 68, 0, 0, 0.18%, 15, 0, 9, 1307.55, 3001475, 115
2221, 147, 57, 68, 0, 0, 0.18%, 15, 0, 9, 1288.44, 3008002, 115
2226, 148, 44, 68, 0, 0, 0.18%, 15, 0, 9, 1382.08, 3015174, 115
2231, 148, 50, 68, 0, 0, 0.18%, 15, 0, 9, 1360.42, 3022506, 115
2236, 148, 43, 68, 0, 0, 0.18%, 15, 0, 9, 1460.68, 3029849, 115
2242, 149, 29, 68, 0, 0, 0.18%, 15, 0, 9, 1289.22, 3036379, 115
2247, 149, 45, 68, 0, 0, 0.18%, 15, 0, 9, 1318.20, 3043583, 115
2252, 149, 65, 68, 0, 0, 0.18%, 15, 0, 9, 1353.40, 3050761, 115
2257, 150, 5, 68, 0, 0, 0.18%, 15, 0, 9, 1376.17, 3057818, 115
2262, 150, 35, 68, 0, 0, 0.18%, 15, 0, 9, 1365.72, 3065087, 115
2267, 151, 44, 68, 0, 0, 0.18%, 15, 0, 9, 1297.48, 3071965, 115
2272, 151, 50, 68, 0, 0, 0.18%, 15, 0, 9, 1372.42, 3079115, 115
2278, 151, 46, 68, 0, 0, 0.18%, 15, 0, 9, 1547.71, 3087101, 115
2283, 152, 50, 68, 0, 0, 0.18%, 15, 0, 9, 1330.51, 3093781, 115
2288, 152, 41, 68, 0, 0, 0.18%, 15, 0, 9, 1277.15, 3100377, 115
2293, 152, 65, 68, 0, 0, 0.18%, 15, 0, 9, 1287.69, 3106829, 115
2298, 153, 57, 68, 0, 0, 0.18%, 15, 0, 9, 1458.50, 3114681, 115
2303, 153, 18, 68, 0, 0, 0.18%, 15, 0, 9, 1188.83, 3120278, 115
2308, 153, 41, 68, 0, 0, 0.18%, 15, 0, 9, 1345.70, 3127430, 115
2313, 154, 35, 68, 0, 0, 0.18%, 15, 0, 9, 1283.60, 3134187, 115
2318, 154, 43, 68, 0, 0, 0.18%, 15, 0, 9, 1340.16, 3140924, 115
2324, 154, 50, 68, 0, 0, 0.18%, 15, 0, 9, 1350.51, 3147896, 115
2329, 155, 65, 68, 0, 0, 0.18%, 15, 0, 9, 1231.90, 3154175, 115
2334, 155, 57, 68, 0, 0, 0.18%, 15, 0, 9, 1254.23, 3160839, 115
2339, 156, 43, 68, 0, 0, 0.18%, 15, 0, 9, 1538.04, 3168884, 115
2344, 156, 44, 68, 0, 0, 0.18%, 15, 0, 9, 1351.81, 3175587, 115
2349, 156, 41, 68, 0, 0, 0.18%, 15, 0, 9, 1398.42, 3182420, 115
2355, 157, 41, 68, 0, 0, 0.18%, 15, 0, 9, 1424.24, 3189606, 115
2360, 157, 50, 68, 0, 0, 0.18%, 15, 0, 9, 1321.05, 3196411, 115
2365, 157, 43, 68, 0, 0, 0.18%, 15, 0, 9, 1426.78, 3204050, 115
2370, 158, 44, 68, 0, 0, 0.18%, 15, 0, 9, 1335.62, 3210963, 115
2375, 158, 35, 68, 0, 0, 0.18%, 15, 0, 9, 1355.18, 3217919, 115
2380, 159, 57, 68, 0, 0, 0.18%, 15, 0, 9, 1440.58, 3225349, 115
2385, 159, 43, 68, 0, 0, 0.18%, 15, 0, 9, 1509.25, 3233035, 115
2391, 159, 50, 68, 0, 0, 0.18%, 15, 0, 9, 1404.04, 3240276, 115
2396, 160, 44, 68, 0, 0, 0.18%, 15, 0, 9, 1254.32, 3246621, 115
2401, 160, 44, 68, 0, 0, 0.18%, 15, 0, 9, 1317.76, 3253588, 115
2406, 160, 23, 68, 0, 0, 0.18%, 15, 0, 9, 1361.79, 3260601, 115
2411, 161, 57, 68, 0, 0, 0.18%, 15, 0, 9, 1462.24, 3267578, 115
2416, 161, 57, 68, 0, 0, 0.18%, 15, 0, 9, 1374.12, 3275006, 115
2421, 162, 29, 68, 0, 0, 0.18%, 15, 0, 9, 1386.12, 3282145, 115
2426, 162, 29, 68, 0, 0, 0.18%, 15, 0, 9, 1387.30, 3289186, 115
2432, 162, 46, 68, 0, 0, 0.18%, 15, 0, 9, 1282.03, 3295877, 115
2437, 163, 43, 68, 0, 0, 0.18%, 15, 0, 9, 1370.72, 3303136, 115
2442, 163, 35, 68, 0, 0, 0.18%, 15, 0, 9, 1272.63, 3309528, 115
2447, 163, 35, 68, 0, 0, 0.18%, 15, 0, 9, 1350.72, 3316605, 115
2452, 164, 50, 68, 0, 0, 0.18%, 15, 0, 9, 1407.00, 3323904, 115
2457, 164, 57, 68, 0, 0, 0.18%, 15, 0, 9, 1300.38, 3330581, 115
2463, 164, 44, 68, 0, 0, 0.18%, 15, 0, 9, 1391.01, 3338177, 115
2468, 165, 57, 68, 0, 0, 0.18%, 15, 0, 9, 1372.38, 3345057, 115
2473, 165, 44, 68, 0, 0, 0.18%, 15, 0, 9, 1424.75, 3352205, 115
2478, 165, 44, 68, 0, 0, 0.18%, 15, 0, 9, 1238.08, 3358527, 115
2483, 166, 57, 68, 0, 0, 0.18%, 15, 0, 9, 1383.38, 3365653, 115
2488, 166, 43, 68, 0, 0, 0.18%, 15, 0, 9, 1389.66, 3372416, 115
2493, 167, 46, 68, 0, 0, 0.18%, 15, 0, 9, 1318.12, 3378974, 115
2498, 167, 65, 68, 0, 0, 0.18%, 15, 0, 9, 1428.59, 3386565, 115
2504, 167, 33, 68, 0, 0, 0.18%, 15, 0, 9, 1407.55, 3393684, 115
2509, 168, 50, 68, 0, 0, 0.18%, 15, 0, 9, 1357.15, 3400467, 115
2514, 168, 43, 68, 0, 0, 0.18%, 15, 0, 9, 1344.57, 3407291, 115
2519, 168, 35, 68, 0, 0, 0.18%, 15, 0, 9, 1331.55, 3414403, 115
2524, 169, 50, 68, 0, 0, 0.18%, 15, 0, 9, 1419.80, 3421726, 115
2529, 169, 35, 68, 0, 0, 0.18%, 15, 0, 9, 1400.81, 3428697, 115
2534, 170, 44, 68, 0, 0, 0.18%, 15, 0, 9, 1355.95, 3435580, 115
2540, 170, 65, 68, 0, 0, 0.18%, 15, 0, 9, 1526.70, 3443442, 115
2545, 170, 65, 68, 0, 0, 0.18%, 15, 0, 9, 1400.36, 3450311, 115
2550, 171, 52, 68, 0, 0, 0.18%, 15, 0, 9, 1382.96, 3457196, 115
2555, 171, 43, 68, 0, 0, 0.18%, 15, 0, 9, 1267.73, 3463821, 115
2560, 171, 44, 68, 0, 0, 0.18%, 15, 0, 9, 1369.08, 3470867, 115
2565, 172, 50, 68, 0, 0, 0.18%, 15, 0, 9, 1242.45, 3477218, 115
2570, 172, 41, 68, 0, 0, 0.18%, 15, 0, 9, 1354.88, 3484088, 115
2575, 172, 50, 68, 0, 0, 0.18%, 15, 0, 9, 1371.69, 3491478, 115
2581, 173, 41, 69, 0, 0, 0.18%, 15, 0, 9, 1322.55, 3498507, 115
2586, 173, 44, 69, 0, 0, 0.18%, 15, 0, 9, 1183.00, 3504696, 115
2591, 173, 57, 69, 0, 0, 0.18%, 15, 0, 9, 1297.58, 3511559, 115
2596, 174, 52, 69, 0, 0, 0.18%, 15, 0, 9, 1341.19, 3518651, 115
2601, 174, 57, 69, 0, 0, 0.18%, 15, 0, 9, 1273.12, 3524806, 115
2606, 174, 57, 69, 0, 0, 0.18%, 15, 0, 9, 1328.51, 3531465, 115
2611, 175, 44, 69, 0, 0, 0.18%, 15, 0, 9, 1620.56, 3539557, 115
2617, 175, 41, 69, 0, 0, 0.18%, 15, 0, 9, 1301.07, 3545758, 115
2622, 176, 44, 69, 0, 0, 0.18%, 15, 0, 9, 1456.16, 3553479, 115
2627, 176, 29, 69, 0, 0, 0.18%, 15, 0, 9, 1324.10, 3560055, 115
2632, 176, 33, 69, 0, 0, 0.18%, 15, 0, 9, 1280.82, 3566411, 115
2637, 177, 44, 69, 0, 0, 0.18%, 15, 0, 9, 1288.88, 3572969, 115
2642, 177, 65, 69, 0, 0, 0.18%, 15, 0, 9, 1261.64, 3579621, 115
2647, 177, 35, 69, 0, 0, 0.18%, 15, 0, 9, 1296.79, 3586190, 115
2653, 178, 35, 69, 0, 0, 0.18%, 15, 0, 9, 1284.36, 3593068, 115
2658, 178, 57, 69, 0, 0, 0.18%, 15, 0, 9, 1442.54, 3600323, 115
2663, 178, 41, 69, 0, 0, 0.18%, 15, 0, 9, 1351.22, 3607295, 115
2668, 179, 44, 69, 0, 0, 0.18%, 15, 0, 9, 1395.35, 3614895, 115
2673, 179, 5, 69, 0, 0, 0.18%, 15, 0, 9, 1261.88, 3621390, 115
2678, 179, 50, 69, 0, 0, 0.18%, 15, 0, 9, 1288.23, 3627874, 115
2683, 180, 52, 69, 0, 0, 0.18%, 15, 0, 9, 1225.97, 3633898, 115
2689, 180, 44, 69, 0, 0, 0.18%, 15, 0, 9, 1382.95, 3641162, 115
2694, 180, 43, 69, 0, 0, 0.18%, 15, 0, 9, 1399.28, 3648293, 115
2699, 181, 65, 69, 0, 0, 0.18%, 15, 0, 9, 1315.66, 3655325, 115
2704, 181, 50, 69, 0, 0, 0.18%, 15, 0, 9, 1239.58, 3661838, 115
2709, 181, 50, 69, 0, 0, 0.18%, 15, 0, 9, 1166.07, 3667809, 115
2714, 182, 35, 69, 0, 0, 0.18%, 15, 0, 9, 1437.92, 3675033, 115
2719, 182, 46, 69, 0, 0, 0.18%, 15, 0, 9, 1462.91, 3682479, 115
2724, 182, 57, 69, 0, 0, 0.18%, 15, 0, 9, 1319.05, 3689036, 115
2730, 183, 35, 69, 0, 0, 0.18%, 15, 0, 9, 1335.08, 3695719, 115
2735, 183, 35, 69, 0, 0, 0.18%, 15, 0, 9, 1321.74, 3702006, 115
2740, 183, 50, 69, 0, 0, 0.18%, 15, 0, 9, 1319.75, 3708767, 115
2745, 184, 50, 69, 0, 0, 0.18%, 15, 0, 9, 1300.47, 3715483, 115
2750, 184, 33, 69, 0, 0, 0.18%, 15, 0, 9, 1276.99, 3722147, 115
2755, 184, 43, 69, 0, 0, 0.18%, 15, 0, 9, 1209.74, 3728137, 115
2761, 185, 44, 69, 0, 0, 0.18%, 15, 0, 9, 1361.67, 3735732, 115
2766, 185, 44, 69, 0, 0, 0.18%, 15, 0, 9, 1279.49, 3742271, 115
2771, 185, 57, 69, 0, 0, 0.18%, 15, 0, 9, 1297.35, 3748871, 115
2776, 186, 57, 69, 0, 0, 0.18%, 15, 0, 9, 1443.85, 3756156, 115
2781, 186, 57, 69, 0, 0, 0.18%, 15, 0, 9, 1423.12, 3763325, 115
2786, 187, 44, 69, 0, 0, 0.18%, 15, 0, 9, 1373.32, 3770054, 115
2791, 187, 50, 69, 0, 0, 0.18%, 15, 0, 9, 1333.70, 3776854, 115
2796, 187, 65, 69, 0, 0, 0.18%, 15, 0, 9, 1309.11, 3783418, 115
2802, 188, 41, 69, 0, 0, 0.18%, 15, 0, 9, 1286.69, 3789947, 115
2807, 188, 50, 69, 0, 0, 0.18%, 15, 0, 9, 1281.49, 3796708, 115
2812, 188, 43, 69, 0, 0, 0.18%, 15, 0, 9, 1322.30, 3803354, 115
2817, 189, 35, 69, 0, 0, 0.18%, 15, 0, 9, 1286.79, 3810252, 115
2822, 189, 50, 69, 0, 0, 0.18%, 15, 0, 9, 1353.13, 3817050, 115
2827, 189, 44, 69, 0, 0, 0.18%, 15, 0, 9, 1283.17, 3823919, 115
2832, 190, 44, 69, 0, 0, 0.18%, 15, 0, 9, 1386.21, 3831505, 115
2837, 190, 57, 69, 0, 0, 0.18%, 15, 0, 9, 1341.09, 3838479, 115
2843, 190, 5, 69, 0, 0, 0.18%, 15, 0, 9, 1371.15, 3845754, 115
2848, 191, 35, 69, 0, 0, 0.18%, 15, 0, 9, 1361.64, 3852709, 115
2853, 191, 44, 69, 0, 0, 0.18%, 15, 0, 9, 1255.35, 3859422, 115
2858, 191, 68, 69, 0, 0, 0.18%, 15, 0, 9, 1261.17, 3866079, 115
2863, 192, 29, 69, 0, 0, 0.18%, 15, 0, 9, 1420.69, 3873263, 115
2868, 192, 5, 69, 0, 0, 0.18%, 15, 0, 9, 1380.69, 3880418, 115
2873, 192, 5, 69, 0, 0, 0.18%, 15, 0, 9, 1220.75, 3886731, 115
2878, 193, 57, 69, 0, 0, 0.18%, 15, 0, 9, 1211.18, 3893195, 115
2884, 193, 41, 69, 0, 0, 0.18%, 15, 0, 9, 1335.89, 3899954, 115
2889, 193, 41, 69, 0, 0, 0.18%, 15, 0, 9, 1291.86, 3906323, 115
2894, 194, 35, 69, 0, 0, 0.18%, 15, 0, 9, 1352.24, 3913115, 115
2899, 194, 65, 69, 0, 0, 0.18%, 15, 0, 9, 1261.11, 3919797, 115
2904, 194, 57, 69, 0, 0, 0.18%, 15, 0, 9, 1318.25, 3926432, 115
2909, 195, 44, 69, 0, 0, 0.18%, 15, 0, 9, 1381.34, 3933425, 115
2914, 195, 41, 69, 0, 0, 0.18%, 15, 0, 9, 1375.64, 3940720, 115
2919, 195, 65, 69, 0, 0, 0.18%, 15, 0, 9, 1362.01, 3947826, 115
2925, 196, 43, 69, 0, 0, 0.18%, 15, 0, 9, 1435.40, 3955087, 115
2930, 196, 41, 69, 0, 0, 0.18%, 15, 0, 9, 1326.20, 3961411, 115
2935, 196, 65, 69, 0, 0, 0.18%, 15, 0, 9, 1487.90, 3969006, 115
2940, 197, 44, 69, 0, 0, 0.18%, 15, 0, 9, 1357.28, 3976050, 115
2945, 197, 52, 69, 0, 0, 0.18%, 15, 0, 9, 1196.53, 3982231, 115
2950, 198, 35, 69, 0, 0, 0.18%, 15, 0, 9, 1266.51, 3988941, 115
2955, 198, 57, 69, 0, 0, 0.18%, 15, 0, 9, 1324.48, 3995417, 115
2961, 198, 43, 69, 0, 0, 0.18%, 15, 0, 9, 1432.04, 4002970, 115
2966, 199, 65, 69, 0, 0, 0.18%, 15, 0, 9, 1275.82, 4009232, 115
2971, 199, 33, 69, 0, 0, 0.18%, 15, 0, 9, 1264.07, 4015597, 115
2976, 199, 50, 69, 0, 0, 0.18%, 15, 0, 9, 1304.26, 4022433, 115
2981, 200, 50, 69, 0, 0, 0.18%, 15, 0, 9, 1339.01, 4029574, 115
2986, 200, 65, 69, 0, 0, 0.18%, 15, 0, 9, 1376.42, 4036519, 115
2991, 200, 29, 69, 0, 0, 0.18%, 15, 0, 9, 1389.22, 4043989, 115
2997, 201, 35, 69, 0, 0, 0.18%, 15, 0, 9, 1307.98, 4050504, 115
3002, 201, 63, 69, 0, 0, 0.18%, 15, 0, 9, 1255.97, 4057251, 115
3007, 201, 29, 69, 0, 0, 0.18%, 15, 0, 9, 1275.41, 4063642, 115
3012, 202, 65, 69, 0, 0, 0.18%, 15, 0, 9, 1386.52, 4070725, 115
3017, 202, 41, 69, 0, 0, 0.18%, 15, 0, 9, 1374.45, 4077531, 115
3022, 202, 35, 69, 0, 0, 0.18%, 15, 0, 9, 1301.56, 4084312, 115
3028, 203, 44, 69, 0, 0, 0.18%, 15, 0, 9, 1241.29, 4090566, 115
3033, 203, 65, 69, 0, 0, 0.18%, 15, 0, 9, 1184.45, 4096636, 115
3038, 203, 65, 69, 0, 0, 0.18%, 15, 0, 9, 1434.67, 4104169, 115
3043, 204, 65, 69, 0, 0, 0.18%, 15, 0, 9, 1404.86, 4111039, 115
3048, 204, 33, 69, 0, 0, 0.18%, 15, 0, 9, 1317.48, 4117493, 115
3053, 204, 35, 69, 0, 0, 0.18%, 15, 0, 9, 1416.93, 4124629, 115
3058, 205, 44, 69, 0, 0, 0.18%, 15, 0, 9, 1494.62, 4132344, 115
3064, 205, 33, 69, 0, 0, 0.18%, 15, 0, 9, 1301.34, 4138762, 115
3069, 205, 57, 69, 0, 0, 0.18%, 15, 0, 9, 1317.62, 4145593, 115
3074, 206, 41, 69, 0, 0, 0.18%, 15, 0, 9, 1399.07, 4152554, 115
3079, 206, 65, 69, 0, 0, 0.18%, 15, 0, 9, 1372.79, 4159740, 115
3084, 206, 41, 69, 0, 0, 0.18%, 15, 0, 9, 1409.15, 4166803, 115
3089, 207, 35, 69, 0, 0, 0.18%, 15, 0, 9, 1424.85, 4173768, 115
3094, 207, 50, 69, 0, 0, 0.18%, 15, 0, 9, 1464.21, 4181582, 115
3100, 208, 54, 69, 0, 0, 0.18%, 15, 0, 9, 1222.71, 4187518, 115
3105, 208, 43, 69, 0, 0, 0.18%, 15, 0, 9, 1359.87, 4194640, 115
3110, 208, 29, 69, 0, 0, 0.18%, 15, 0, 9, 1429.12, 4202061, 115
3115, 209, 44, 69, 0, 0, 0.18%, 15, 0, 9, 1266.59, 4208402, 115
3120, 209, 65, 69, 0, 0, 0.18%, 15, 0, 9, 1391.42, 4215709, 115
3125, 209, 41, 69, 0, 0, 0.18%, 15, 0, 9, 1478.28, 4223289, 115
3131, 210, 44, 69, 0, 0, 0.18%, 15, 0, 9, 1246.22, 4229439, 115
3136, 210, 35, 69, 0, 0, 0.18%, 15, 0, 9, 1498.02, 4237150, 115
3141, 210, 50, 69, 0, 0, 0.18%, 15, 0, 9, 1375.17, 4244290, 115
3146, 211, 50, 69, 0, 0, 0.18%, 15, 0, 9, 1352.64, 4251438, 115
3151, 211, 41, 69, 0, 0, 0.18%, 15, 0, 9, 1276.54, 4257536, 115
3156, 212, 29, 69, 0, 0, 0.18%, 15, 0, 9, 1500.40, 4265177, 115
3161, 212, 33, 69, 0, 0, 0.18%, 15, 0, 9, 1393.99, 4272329, 115
3166, 212, 50, 69, 0, 0, 0.18%, 15, 0, 9, 1398.11, 4279492, 115
3172, 213, 41, 69, 0, 0, 0.18%, 15, 0, 9, 1430.10, 4286570, 115
3177, 213, 41, 69, 0, 0, 0.18%, 15, 0, 9, 1406.68, 4293857, 115
3182, 213, 44, 69, 0, 0, 0.18%, 15, 0, 9, 1392.73, 4300749, 115
3187, 214, 65, 69, 0, 0, 0.18%, 15, 0, 9, 1295.10, 4307293, 115
3192, 214, 35, 69, 0, 0, 0.18%, 15, 0, 9, 1420.04, 4314286, 115
3197, 214, 65, 69, 0, 0, 0.18%, 15, 0, 9, 1192.49, 4320039, 115
3203, 215, 65, 69, 0, 0, 0.18%, 15, 0, 9, 1307.00, 4327106, 115
3208, 215, 43, 69, 0, 0, 0.18%, 15, 0, 9, 1372.65, 4334306, 115
3213, 215, 33, 69, 0, 0, 0.18%, 15, 0, 9, 1217.38, 4340488, 115
3218, 216, 33, 69, 0, 0, 0.18%, 15, 0, 9, 1257.02, 4346947, 115
3223, 216, 57, 69, 0, 0, 0.18%, 15, 0, 9, 1259.50, 4353390, 115
3228, 216, 50, 69, 0, 0, 0.18%, 15, 0, 9, 1362.34, 4360479, 115
3233, 217, 44, 69, 0, 0, 0.18%, 15, 0, 9, 1113.48, 4366126, 115
3239, 217, 57, 69, 0, 0, 0.18%, 15, 0, 9, 1247.06, 4372831, 115
3244, 217, 35, 69, 0, 0, 0.18%, 15, 0, 9, 1326.54, 4380221, 115
3249, 218, 41, 69, 0, 0, 0.18%, 15, 0, 9, 1283.30, 4386484, 115
3254, 218, 65, 69, 0, 0, 0.18%, 15, 0, 9, 1323.48, 4393337, 115
3259, 218, 5, 69, 0, 0, 0.18%, 15, 0, 9, 1284.91, 4400235, 115
3264, 219, 41, 69, 0, 0, 0.18%, 15, 0, 9, 1274.87, 4406868, 115
3270, 219, 65, 69, 0, 0, 0.18%, 15, 0, 9, 1353.16, 4413867, 115
3275, 220, 35, 69, 0, 0, 0.18%, 15, 0, 9, 1278.51, 4420611, 115
3280, 220, 41, 69, 0, 0, 0.18%, 15, 0, 9, 1281.50, 4427168, 115
3285, 220, 50, 69, 0, 0, 0.18%, 15, 0, 9, 1269.16, 4433767, 115
3290, 221, 18, 69, 0, 0, 0.18%, 15, 0, 9, 1369.13, 4441124, 115
3295, 221, 65, 69, 0, 0, 0.18%, 15, 0, 9, 1357.12, 4448017, 115
3301, 221, 57, 69, 0, 0, 0.18%, 15, 0, 9, 1390.33, 4454727, 115
3306, 222, 41, 69, 0, 0, 0.18%, 15, 0, 9, 1400.31, 4461735, 115
3311, 222, 41, 69, 0, 0, 0.18%, 15, 0, 9, 1463.37, 4469591, 115
3316, 222, 46, 69, 0, 0, 0.18%, 15, 0, 9, 1307.41, 4476195, 115
3321, 223, 46, 69, 0, 0, 0.18%, 15, 0, 9, 1221.06, 4482402, 115
3326, 223, 57, 69, 0, 0, 0.18%, 15, 0, 9, 1248.81, 4489059, 115
3331, 223, 35, 69, 0, 0, 0.18%, 15, 0, 9, 1290.71, 4495834, 115
3337, 224, 41, 69, 0, 0, 0.18%, 15, 0, 9, 1397.40, 4502850, 115
3342, 224, 44, 69, 0, 0, 0.18%, 15, 0, 9, 1383.82, 4509897, 115
3347, 224, 57, 69, 0, 0, 0.18%, 15, 0, 9, 1351.96, 4516856, 115
3352, 225, 44, 69, 0, 0, 0.18%, 15, 0, 9, 1281.82, 4523537, 115
3357, 225, 33, 69, 0, 0, 0.18%, 15, 0, 9, 1375.24, 4530250, 115
3362, 225, 18, 69, 0, 0, 0.18%, 15, 0, 9, 1283.23, 4536391, 115
3367, 226, 65, 69, 0, 0, 0.18%, 15, 0, 9, 1321.05, 4542951, 115
3372, 226, 33, 69, 0, 0, 0.18%, 15, 0, 9, 1311.74, 4549797, 115
3378, 226, 29, 69, 0, 0, 0.18%, 15, 0, 9, 1330.23, 4556339, 115
3383, 227, 65, 69, 0, 0, 0.18%, 15, 0, 9, 1263.24, 4562995, 115
3388, 227, 50, 69, 0, 0, 0.18%, 15, 0, 9, 1257.35, 4569576, 115
3393, 227, 65, 69, 0, 0, 0.18%, 15, 0, 9, 1216.61, 4575802, 115
3398, 228, 44, 69, 0, 0, 0.18%, 15, 0, 9, 1156.44, 4581826, 115
3403, 228, 35, 69, 0, 0, 0.18%, 15, 0, 9, 1269.52, 4588580, 115
3409, 228, 18, 69, 0, 0, 0.18%, 15, 0, 9, 1450.74, 4596246, 115
3414, 229, 57, 69, 0, 0, 0.18%, 15, 0, 9, 1232.03, 4602465, 115
3419, 229, 41, 69, 0, 0, 0.18%, 15, 0, 9, 1202.00, 4608546, 115
3424, 229, 65, 69, 0, 0, 0.18%, 15, 0, 9, 1381.56, 4615893, 115
3429, 230, 43, 69, 0, 0, 0.18%, 15, 0, 9, 1440.84, 4623005, 115
3434, 230, 41, 69, 0, 0, 0.18%, 15, 0, 9, 1395.76, 4630116, 115
3439, 230, 43, 69, 0, 0, 0.18%, 15, 0, 9, 1320.10, 4636581, 115
3445, 231, 57, 69, 0, 0, 0.18%, 15, 0, 9, 1298.75, 4643232, 115
3450, 231, 44, 69, 0, 0, 0.18%, 15, 0, 9, 1227.01, 4649481, 115
3455, 231, 43, 69, 0, 0, 0.18%, 15, 0, 9, 1359.51, 4656239, 115
3460, 232, 50, 69, 0, 0, 0.18%, 15, 0, 9, 1287.08, 4662842, 115
3465, 232, 44, 69, 0, 0, 0.18%, 15, 0, 9, 1227.50, 4669152, 115
3470, 233, 41, 69, 0, 0, 0.18%, 15, 0, 9, 1386.90, 4676365, 115
3476, 233, 50, 69, 0, 0, 0.18%, 15, 0, 9, 1325.75, 4683149, 115
3481, 233, 50, 69, 0, 0, 0.18%, 15, 0, 9, 1331.94, 4689758, 115
3486, 234, 18, 69, 0, 0, 0.18%, 15, 0, 9, 1256.03, 4696131, 115
3491, 234, 44, 69, 0, 0, 0.18%, 15, 0, 9, 1380.16, 4703311, 115
3496, 234, 43, 69, 0, 0, 0.18%, 15, 0, 9, 1330.02, 4709595, 115
3501, 235, 41, 69, 0, 0, 0.18%, 15, 0, 9, 1295.43, 4715914, 115
3506, 235, 35, 69, 0, 0, 0.18%, 15, 0, 9, 1323.41, 4722617, 115
3511, 235, 35, 69, 0, 0, 0.18%, 15, 0, 9, 1414.22, 4729656, 115
3517, 236, 57, 69, 0, 0, 0.18%, 15, 0, 9, 1427.28, 4736816, 115
3522, 236, 46, 69, 0, 0, 0.18%, 15, 0, 9, 1311.41, 4743523, 115
3527, 236, 41, 69, 0, 0, 0.18%, 15, 0, 9, 1319.43, 4750099, 115
3532, 237, 35, 69, 0, 0, 0.18%, 15, 0, 9, 1239.25, 4756565, 115
3537, 237, 18, 69, 0, 0, 0.18%, 15, 0, 9, 1219.34, 4762826, 115
3542, 237, 41, 69, 0, 0, 0.18%, 15, 0, 9, 1338.35, 4769877, 115
3547, 238, 46, 69, 0, 0, 0.18%, 15, 0, 9, 1333.19, 4776651, 115
3553, 238, 57, 69, 0, 0, 0.18%, 15, 0, 9, 1431.36, 4783958, 115
3558, 238, 57, 69, 0, 0, 0.18%, 15, 0, 9, 1448.66, 4791530, 115
3563, 239, 35, 69, 0, 0, 0.18%, 15, 0, 9, 1382.60, 4798530, 115
3568, 239, 50, 69, 0, 0, 0.18%, 15, 0, 9, 1383.51, 4805447, 115
3573, 239, 43, 69, 0, 0, 0.18%, 15, 0, 9, 1218.95, 4811707, 115
3578, 240, 57, 69, 0, 0, 0.18%, 15, 0, 9, 1373.16, 4819175, 115
3583, 240, 5, 69, 0, 0, 0.18%, 15, 0, 9, 1275.89, 4825691, 115
3589, 241, 43, 69, 0, 0, 0.18%, 15, 0, 9, 1370.38, 4832820, 115
3594, 241, 41, 69, 0, 0, 0.18%, 15, 0, 9, 1387.88, 4839913, 115
3599, 241, 18, 69, 0, 0, 0.18%, 15, 0, 9, 1282.53, 4846535, 115
3604, 242, 50, 69, 0, 0, 0.18%, 15, 0, 9, 1304.66, 4852948, 115
3609, 242, 18, 69, 0, 0, 0.18%, 15, 0, 9, 1430.22, 4860638, 115
3614, 242, 57, 69, 0, 0, 0.18%, 15, 0, 9, 1293.09, 4867265, 115
3619, 243, 29, 69, 0, 0, 0.18%, 15, 0, 9, 1325.39, 4873898, 115
3624, 243, 57, 69, 0, 0, 0.18%, 15, 0, 9, 1452.54, 4881305, 115
3629, 243, 50, 69, 0, 0, 0.18%, 15, 0, 9, 1432.86, 4888448, 115
3635, 244, 43, 69, 0, 0, 0.18%, 15, 0, 9, 1287.34, 4894898, 115
3640, 244, 46, 69, 0, 0, 0.18%, 15, 0, 9, 1348.64, 4901770, 115
3645, 244, 5, 69, 0, 0, 0.18%, 15, 0, 9, 1340.46, 4909058, 115
3650, 245, 57, 69, 0, 0, 0.18%, 15, 0, 9, 1243.76, 4915474, 115
3655, 245, 43, 69, 0, 0, 0.18%, 15, 0, 9, 1366.70, 4922605, 115
3660, 245, 50, 69, 0, 0, 0.18%, 15, 0, 9, 1465.34, 4930185, 115
3666, 246, 65, 69, 0, 0, 0.18%, 15, 0, 9, 1248.39, 4936325, 115
3671, 246, 50, 69, 0, 0, 0.18%, 15, 0, 9, 1308.08, 4943223, 115
3676, 246, 65, 69, 0, 0, 0.18%, 15, 0, 9, 1289.14, 4949789, 115
3681, 247, 57, 69, 0, 0, 0.18%, 15, 0, 9, 1273.11, 4956205, 115
3686, 247, 33, 69, 0, 0, 0.18%, 15, 0, 9, 1266.05, 4962696, 115
3691, 247, 50, 69, 0, 0, 0.18%, 15, 0, 9, 1336.05, 4969649, 115
3696, 248, 41, 69, 0, 0, 0.18%, 15, 0, 9, 1321.41, 4976147, 115
3702, 248, 57, 69, 0, 0, 0.18%, 15, 0, 9, 1338.78, 4983015, 115
3707, 248, 57, 69, 0, 0, 0.18%, 15, 0, 9, 1309.39, 4989655, 115
3712, 249, 50, 69, 0, 0, 0.18%, 15, 0, 9, 1314.76, 4996375, 115
3717, 249, 35, 69, 0, 0, 0.18%, 15, 0, 9, 1352.35, 5003610, 115
3722, 250, 50, 69, 0, 0, 0.18%, 15, 0, 9, 1329.46, 5010435, 115
3727, 250, 57, 69, 0, 0, 0.18%, 15, 0, 9, 1488.83, 5018008, 115
3732, 250, 44, 69, 0, 0, 0.18%, 15, 0, 9, 1377.82, 5025135, 115
3738, 251, 43, 69, 0, 0, 0.18%, 15, 0, 9, 1434.68, 5032486, 115
3743, 251, 44, 69, 0, 0, 0.18%, 15, 0, 9, 1399.53, 5039637, 115
3748, 251, 35, 69, 0, 0, 0.18%, 15, 0, 9, 1360.75, 5046800, 115
3753, 252, 22, 69, 0, 0, 0.18%, 15, 0, 9, 1443.43, 5054258, 115
3758, 252, 33, 69, 0, 0, 0.18%, 15, 0, 9, 1311.91, 5060973, 115
3763, 253, 44, 69, 0, 0, 0.18%, 15, 0, 9, 1276.20, 5067547, 115
3769, 253, 35, 69, 0, 0, 0.18%, 15, 0, 9, 1291.06, 5074086, 115
3774, 253, 50, 69, 0, 0, 0.18%, 15, 0, 9, 1327.41, 5080875, 115
3779, 254, 57, 69, 0, 0, 0.18%, 15, 0, 9, 1286.68, 5087204, 115
3784, 254, 5, 69, 0, 0, 0.18%, 15, 0, 9, 1372.54, 5094456, 115
3789, 254, 43, 69, 0, 0, 0.18%, 15, 0, 9, 1364.46, 5101179, 115
3794, 255, 41, 69, 0, 0, 0.18%, 15, 0, 9, 1239.69, 5107542, 115
3799, 255, 50, 69, 0, 0, 0.18%, 15, 0, 9, 1228.82, 5113969, 115
3805, 255, 41, 69, 0, 0, 0.18%, 15, 0, 9, 1345.55, 5120765, 115
3810, 256, 41, 69, 0, 0, 0.18%, 15, 0, 9, 1469.53, 5128150, 115
3815, 256, 46, 70, 1, 0, 0.18%, 15, 0, 9, 1434.47, 5135657, 115
3820, 256, 44, 70, 1, 0, 0.18%, 15, 0, 9, 1489.13, 5143370, 115
3825, 257, 50, 70, 1, 0, 0.18%, 15, 0, 9, 1307.85, 5149957, 115
3830, 257, 41, 70, 1, 0, 0.18%, 15, 0, 9, 1276.54, 5156469, 115
3835, 257, 44, 70, 1, 0, 0.18%, 15, 0, 9, 1197.20, 5162488, 115
3841, 258, 44, 70, 1, 0, 0.18%, 15, 0, 9, 1481.98, 5170367, 115
3846, 258, 44, 70, 1, 0, 0.18%, 15, 0, 9, 1480.64, 5178267, 115
3851, 258, 50, 70, 1, 0, 0.18%, 15, 0, 9, 1333.58, 5184602, 115
3856, 259, 5, 70, 1, 0, 0.18%, 15, 0, 9, 1417.60, 5192397, 115
3861, 259, 18, 70, 1, 0, 0.18%, 15, 0, 9, 1505.54, 5200065, 115
3866, 259, 50, 70, 0, 0, 0.18%, 15, 0, 9, 1256.65, 5205921, 115
3871, 260, 46, 70, 0, 0, 0.18%, 15, 0, 9, 1319.36, 5212887, 115
3876, 260, 35, 70, 0, 0, 0.18%, 15, 0, 9, 1290.13, 5219488, 115
3882, 260, 69, 70, 0, 0, 0.18%, 15, 0, 9, 1260.24, 5226213, 115
3887, 261, 46, 70, 0, 0, 0.18%, 15, 0, 9, 1160.83, 5232160, 115
3892, 261, 50, 70, 0, 0, 0.18%, 15, 0, 9, 1279.34, 5238919, 115
3897, 261, 53, 70, 0, 0, 0.18%, 15, 0, 9, 1223.67, 5245176, 115
3902, 262, 46, 70, 0, 0, 0.18%, 15, 0, 9, 1418.22, 5252512, 115
3907, 262, 43, 70, 0, 0, 0.18%, 15, 0, 9, 1290.63, 5259150, 115
3913, 263, 50, 70, 0, 0, 0.18%, 15, 0, 9, 1569.83, 5267132, 115
3918, 263, 57, 70, 0, 0, 0.18%, 15, 0, 9, 1369.47, 5273728, 115
3923, 263, 33, 70, 0, 0, 0.18%, 15, 0, 9, 1423.82, 5281367, 115
3928, 264, 57, 70, 0, 0, 0.18%, 15, 0, 9, 1385.38, 5288569, 115
3933, 264, 65, 70, 0, 0, 0.18%, 15, 0, 9, 1365.88, 5295406, 115
3938, 264, 52, 70, 0, 0, 0.18%, 15, 0, 9, 1281.16, 5301855, 115
3943, 264, 65, 70, 0, 0, 0.18%, 15, 0, 9, 956.47, 5306840, 115
3949, 265, 33, 70, 0, 0, 0.18%, 15, 0, 9, 1255.80, 5313312, 115
3954, 265, 46, 70, 0, 0, 0.18%, 15, 0, 9, 1325.53, 5319967, 115
3959, 266, 18, 70, 0, 0, 0.18%, 15, 0, 9, 1485.05, 5327621, 115
3964, 266, 57, 70, 0, 0, 0.18%, 15, 0, 9, 1478.12, 5335147, 115
3969, 266, 35, 70, 0, 0, 0.18%, 15, 0, 9, 1577.05, 5343319, 115
3974, 266, 46, 72, 2, 0, 0.18%, 15, 0, 9, 1332.26, 5349690, 115
3979, 267, 71, 73, 2, 0, 0.18%, 15, 0, 9, 1218.98, 5355953, 115
3984, 267, 50, 73, 1, 0, 0.18%, 15, 0, 9, 1455.95, 5362990, 115
3989, 267, 46, 73, 1, 0, 0.18%, 15, 0, 9, 1524.41, 5370767, 115
3994, 267, 41, 73, 0, 0, 0.18%, 15, 0, 9, 1329.11, 5377148, 115
3999, 268, 33, 73, 0, 0, 0.18%, 15, 0, 9, 1622.90, 5385744, 115
4000, 268, 46, 73, 0, 0, 0.18%, 15, 0, 9, 1573.80, 5386538, 115
